6 0.62734375 0.24097222222222223 0.084375 0.13472222222222222
4 0.249609375 0.41944444444444445 0.03515625 0.1361111111111111
4 0.3171875 0.4083333333333333 0.0390625 0.10972222222222222
4 0.36484375 0.44027777777777777 0.0390625 0.125
4 0.0765625 0.39861111111111114 0.06171875 0.09027777777777778
4 0.28984375 0.32013888888888886 0.01875 0.07777777777777778
4 0.373046875 0.3333333333333333 0.02421875 0.07777777777777778
4 0.337109375 0.3138888888888889 0.01640625 0.06805555555555555
6 0.833203125 0.6645833333333333 0.31484375 0.6680555555555555
4 0.081640625 0.6270833333333333 0.06328125 0.10972222222222222
4 0.3296875 0.2722222222222222 0.0265625 0.06111111111111111
4 0.35078125 0.27569444444444446 0.01171875 0.05694444444444444
4 0.400390625 0.26666666666666666 0.01796875 0.0625
4 0.362109375 0.275 0.01484375 0.06388888888888888
4 0.2203125 0.5381944444444444 0.040625 0.12361111111111112
5 0.45625 0.25555555555555554 0.04375 0.08333333333333333
4 0.70703125 0.325 0.0203125 0.05555555555555555
4 0.51875 0.25972222222222224 0.021875 0.08055555555555556