4 0.133984375 0.23333333333333334 0.01953125 0.05555555555555555
5 0.711328125 0.6319444444444444 0.12578125 0.19444444444444445
5 0.598828125 0.4479166666666667 0.07109375 0.12638888888888888
5 0.580078125 0.3284722222222222 0.05078125 0.08055555555555556
5 0.58125 0.22430555555555556 0.0390625 0.04027777777777778
5 0.697265625 0.24444444444444444 0.0375 0.05277777777777778
6 0.424609375 0.21180555555555555 0.13046875 0.10694444444444444
6 0.628125 0.26458333333333334 0.04765625 0.07083333333333333
6 0.51953125 0.2833333333333333 0.0546875 0.11666666666666667
6 0.697265625 0.24444444444444444 0.03671875 0.05
7 0.51953125 0.2833333333333333 0.0515625 0.10972222222222222