7 0.4171875 0.4041666666666667 0.09375 0.25833333333333336
4 0.295703125 0.5506944444444445 0.03671875 0.10694444444444444
4 0.33828125 0.41805555555555557 0.0265625 0.11527777777777778
4 0.308203125 0.3138888888888889 0.02421875 0.075
4 0.360546875 0.3423611111111111 0.02578125 0.09027777777777778
4 0.204296875 0.5486111111111112 0.05078125 0.175
4 0.25703125 0.39166666666666666 0.0296875 0.08611111111111111
4 0.27890625 0.4534722222222222 0.0328125 0.12361111111111112
4 0.688671875 0.6888888888888889 0.04765625 0.15555555555555556
4 0.32734375 0.2708333333333333 0.01796875 0.06388888888888888
4 0.35859375 0.2798611111111111 0.0171875 0.05416666666666667
4 0.139453125 0.55 0.05078125 0.15555555555555556
4 0.60078125 0.21041666666666667 0.0171875 0.05694444444444444