4 0.251953125 0.5041666666666667 0.0390625 0.13194444444444445
4 0.176953125 0.5208333333333334 0.04296875 0.11388888888888889
4 0.243359375 0.4 0.0359375 0.075
4 0.30078125 0.375 0.03125 0.09722222222222222
4 0.34609375 0.3875 0.0390625 0.10555555555555556
4 0.57578125 0.3888888888888889 0.0265625 0.07222222222222222
4 0.723046875 0.33611111111111114 0.02578125 0.07777777777777778
4 0.351171875 0.3 0.01953125 0.05555555555555555
4 0.38515625 0.2902777777777778 0.01953125 0.05277777777777778
4 0.39296875 0.23194444444444445 0.021875 0.04722222222222222
5 0.43515625 0.2798611111111111 0.05 0.09444444444444444