4 0.133984375 0.2326388888888889 0.0203125 0.059722222222222225
4 0.166796875 0.28194444444444444 0.01953125 0.06388888888888888
5 0.6125 0.7138888888888889 0.1578125 0.29444444444444445
5 0.526953125 0.39375 0.06171875 0.10416666666666667
5 0.691015625 0.2298611111111111 0.04140625 0.05
5 0.464453125 0.22708333333333333 0.05546875 0.05138888888888889
5 0.620703125 0.27291666666666664 0.03828125 0.05416666666666667
5 0.54140625 0.26319444444444445 0.040625 0.05
5 0.658203125 0.25 0.03984375 0.05277777777777778
5 0.6046875 0.24097222222222223 0.04375 0.05138888888888889
6 0.72890625 0.6159722222222223 0.19921875 0.36527777777777776
6 0.626953125 0.3923611111111111 0.07109375 0.13472222222222222
7 0.579296875 0.20277777777777778 0.07421875 0.07777777777777778