4 0.160546875 0.35138888888888886 0.01796875 0.07777777777777778
5 0.56015625 0.5736111111111111 0.09296875 0.18333333333333332
5 0.61875 0.39652777777777776 0.0609375 0.10138888888888889
5 0.473046875 0.2263888888888889 0.05546875 0.05416666666666667
5 0.60234375 0.3229166666666667 0.053125 0.0625
5 0.527734375 0.3277777777777778 0.05390625 0.075
5 0.55 0.29583333333333334 0.04453125 0.07222222222222222
5 0.551171875 0.25555555555555554 0.04140625 0.05555555555555555
5 0.539453125 0.39652777777777776 0.06171875 0.12361111111111112
5 0.659375 0.25 0.0421875 0.05
6 0.762109375 0.6701388888888888 0.21171875 0.36666666666666664