5 0.430078125 0.3798611111111111 0.06640625 0.12083333333333333
5 0.337890625 0.8270833333333333 0.16328125 0.34305555555555556
4 0.790234375 0.46111111111111114 0.03359375 0.11666666666666667
4 0.89609375 0.6826388888888889 0.04375 0.14027777777777778
4 0.65390625 0.38958333333333334 0.0265625 0.10694444444444444
5 0.598828125 0.36041666666666666 0.06171875 0.1
5 0.618359375 0.27847222222222223 0.04921875 0.07777777777777778
4 0.07421875 0.39375 0.0671875 0.09027777777777778
4 0.376171875 0.31319444444444444 0.0328125 0.09305555555555556
4 0.35546875 0.2881944444444444 0.021875 0.07361111111111111
4 0.66015625 0.8708333333333333 0.0640625 0.22777777777777777
4 0.5296875 0.25972222222222224 0.01875 0.06944444444444445
4 0.5578125 0.25069444444444444 0.0171875 0.059722222222222225
6 0.5390625 0.19305555555555556 0.0578125 0.10833333333333334
4 0.399609375 0.22152777777777777 0.0140625 0.05694444444444444
4 0.374609375 0.24027777777777778 0.01640625 0.04861111111111111
4 0.3421875 0.25 0.0171875 0.06805555555555555