7 0.66796875 0.8104166666666667 0.296875 0.3763888888888889
5 0.659375 0.49444444444444446 0.078125 0.12777777777777777
5 0.5421875 0.4847222222222222 0.059375 0.1111111111111111
5 0.8671875 0.8395833333333333 0.2171875 0.30416666666666664
5 0.551953125 0.2763888888888889 0.04296875 0.059722222222222225
5 0.454296875 0.22569444444444445 0.0421875 0.043055555555555555
5 0.6796875 0.21458333333333332 0.0328125 0.034722222222222224
5 0.72265625 0.23472222222222222 0.0328125 0.03333333333333333
6 0.534375 0.37222222222222223 0.065625 0.14444444444444443
6 0.62265625 0.2916666666666667 0.059375 0.13055555555555556
4 0.269140625 0.3388888888888889 0.0265625 0.09027777777777778
4 0.362109375 0.2902777777777778 0.021875 0.08055555555555556
7 0.18828125 0.7 0.3765625 0.5972222222222222