7 0.618359375 0.7604166666666666 0.25703125 0.46805555555555556
7 0.17734375 0.7513888888888889 0.3546875 0.49444444444444446
5 0.532421875 0.44166666666666665 0.06328125 0.09583333333333334
5 0.6390625 0.4409722222222222 0.06875 0.10138888888888889
5 0.794921875 0.7034722222222223 0.1640625 0.22083333333333333
5 0.567578125 0.26458333333333334 0.03984375 0.05138888888888889
5 0.48359375 0.22361111111111112 0.0609375 0.03611111111111111
5 0.69609375 0.21319444444444444 0.0359375 0.04027777777777778
5 0.74140625 0.22569444444444445 0.0296875 0.043055555555555555
6 0.52890625 0.34930555555555554 0.0515625 0.12638888888888888
6 0.621484375 0.28125 0.053125 0.1361111111111111
4 0.23515625 0.38055555555555554 0.0421875 0.1111111111111111
4 0.34140625 0.32430555555555557 0.0296875 0.09861111111111111