7 0.430078125 0.3013888888888889 0.10703125 0.26666666666666666
4 0.6859375 0.3298611111111111 0.028125 0.10138888888888889
4 0.7921875 0.55625 0.046875 0.12638888888888888
4 0.656640625 0.22569444444444445 0.015625 0.058333333333333334
5 0.57421875 0.21666666666666667 0.05625 0.075
4 0.1609375 0.6361111111111111 0.05625 0.1527777777777778
4 0.22734375 0.6381944444444444 0.0515625 0.14444444444444443
4 0.05 0.6409722222222223 0.0546875 0.125
4 0.22109375 0.4152777777777778 0.034375 0.09166666666666666
4 0.25859375 0.4111111111111111 0.03125 0.075
4 0.355078125 0.3055555555555556 0.02109375 0.06944444444444445
4 0.078125 0.4097222222222222 0.0609375 0.08888888888888889
6 0.71640625 0.7743055555555556 0.2359375 0.44027777777777777
4 0.33671875 0.23958333333333334 0.0171875 0.0625
4 0.359375 0.24375 0.015625 0.04583333333333333
4 0.37421875 0.22847222222222222 0.0140625 0.059722222222222225
4 0.6375 0.2048611111111111 0.015625 0.059722222222222225
4 0.61953125 0.19791666666666666 0.01484375 0.059722222222222225