4 0.24140625 0.49236111111111114 0.05625 0.13194444444444445
4 0.0796875 0.40347222222222223 0.0640625 0.07916666666666666
4 0.209375 0.28055555555555556 0.0359375 0.04722222222222222
4 0.325390625 0.42569444444444443 0.04375 0.1111111111111111
5 0.411328125 0.4111111111111111 0.06953125 0.13055555555555556
4 0.321484375 0.3486111111111111 0.01796875 0.08611111111111111
4 0.348828125 0.2743055555555556 0.01484375 0.06805555555555555
4 0.309375 0.29444444444444445 0.01875 0.07222222222222222
4 0.39296875 0.3020833333333333 0.0265625 0.0763888888888889
4 0.91328125 0.8055555555555556 0.08125 0.19444444444444445
4 0.915234375 0.6243055555555556 0.04765625 0.14305555555555555