4 0.077734375 0.4027777777777778 0.06328125 0.06944444444444445
4 0.333203125 0.32083333333333336 0.02890625 0.09166666666666666
4 0.36484375 0.3625 0.0265625 0.09444444444444444
4 0.643359375 0.33125 0.03125 0.07777777777777778
4 0.637109375 0.24305555555555555 0.02421875 0.08333333333333333
4 0.5375 0.2673611111111111 0.02578125 0.07361111111111111
4 0.38125 0.2701388888888889 0.025 0.07083333333333333
4 0.357421875 0.24305555555555555 0.02265625 0.06944444444444445
4 0.820703125 0.48541666666666666 0.05390625 0.12777777777777777
4 0.4140625 0.24097222222222223 0.021875 0.06805555555555555
4 0.36953125 0.18680555555555556 0.015625 0.04722222222222222