7 0.626171875 0.22430555555555556 0.06328125 0.07361111111111111
5 0.543359375 0.4354166666666667 0.08203125 0.1125
5 0.598828125 0.69375 0.15546875 0.25972222222222224
5 0.89296875 0.9180555555555555 0.2125 0.16111111111111112
5 0.540234375 0.3076388888888889 0.0625 0.11527777777777778
5 0.6046875 0.32708333333333334 0.046875 0.08194444444444444
5 0.657421875 0.25625 0.05234375 0.06944444444444445
4 0.166015625 0.4013888888888889 0.0296875 0.08333333333333333
4 0.874609375 0.5090277777777777 0.0390625 0.10972222222222222
4 0.70390625 0.30069444444444443 0.01796875 0.04583333333333333
6 0.714453125 0.5284722222222222 0.19609375 0.3541666666666667