4 0.209375 0.28194444444444444 0.0390625 0.05555555555555555
4 0.078515625 0.4 0.06328125 0.09444444444444444
4 0.12734375 0.7694444444444445 0.0859375 0.23055555555555557
4 0.273046875 0.42569444444444443 0.03984375 0.12083333333333333
4 0.30625 0.31319444444444444 0.0421875 0.10972222222222222
4 0.345703125 0.3090277777777778 0.02734375 0.0875
4 0.375390625 0.28541666666666665 0.02578125 0.0763888888888889
5 0.414453125 0.4583333333333333 0.09609375 0.20972222222222223
4 0.773046875 0.45625 0.040625 0.1125
4 0.94921875 0.63125 0.0546875 0.1763888888888889
4 0.612890625 0.3902777777777778 0.02578125 0.10277777777777777
4 0.64453125 0.2743055555555556 0.0171875 0.06527777777777778
4 0.717578125 0.3194444444444444 0.02265625 0.09027777777777778
4 0.532421875 0.24791666666666667 0.02265625 0.0763888888888889
4 0.35703125 0.25625 0.01953125 0.06805555555555555
4 0.38828125 0.22708333333333333 0.015625 0.05277777777777778
4 0.405078125 0.21041666666666667 0.0203125 0.05138888888888889
4 0.37265625 0.2048611111111111 0.0171875 0.06111111111111111
4 0.45 0.23333333333333334 0.0203125 0.06944444444444445
4 0.6203125 0.25416666666666665 0.01875 0.06388888888888888