6 0.566796875 0.33541666666666664 0.09765625 0.24722222222222223
4 0.7328125 0.5173611111111112 0.0375 0.13194444444444445
4 0.321484375 0.7881944444444444 0.08515625 0.19027777777777777
4 0.199609375 0.49027777777777776 0.04921875 0.09722222222222222
4 0.134375 0.5236111111111111 0.0640625 0.13055555555555556
4 0.084375 0.4027777777777778 0.071875 0.07777777777777778
4 0.27265625 0.49375 0.0390625 0.12083333333333333
4 0.256640625 0.37777777777777777 0.02578125 0.10277777777777777
4 0.3015625 0.37916666666666665 0.034375 0.08333333333333333
4 0.286328125 0.30625 0.0265625 0.07916666666666666
4 0.316796875 0.3298611111111111 0.02265625 0.0875
4 0.375390625 0.2777777777777778 0.02109375 0.06111111111111111
5 0.44296875 0.3333333333333333 0.0609375 0.12777777777777777
5 0.603515625 0.23125 0.03828125 0.06527777777777778
4 0.324609375 0.2590277777777778 0.03203125 0.0763888888888889
4 0.35390625 0.2548611111111111 0.0140625 0.059722222222222225
4 0.41875 0.2520833333333333 0.021875 0.07361111111111111
4 0.21875 0.8291666666666667 0.1015625 0.25972222222222224
4 0.04765625 0.75625 0.07109375 0.16527777777777777
4 0.19375 0.5875 0.040625 0.125
4 0.373828125 0.18194444444444444 0.01484375 0.058333333333333334
4 0.388671875 0.19930555555555557 0.01015625 0.059722222222222225
4 0.396875 0.21319444444444444 0.0109375 0.05416666666666667