5 0.42109375 0.4097222222222222 0.075 0.17222222222222222
5 0.551171875 0.34097222222222223 0.06015625 0.09027777777777778
4 0.726953125 0.4131944444444444 0.05703125 0.13472222222222222
4 0.67109375 0.3138888888888889 0.0375 0.08888888888888889
4 0.625390625 0.30486111111111114 0.02578125 0.08194444444444444
4 0.314453125 0.5069444444444444 0.03515625 0.12638888888888888
4 0.291015625 0.4409722222222222 0.046875 0.09583333333333334
4 0.080859375 0.3993055555555556 0.0578125 0.09583333333333334
4 0.103125 0.8194444444444444 0.053125 0.22361111111111112
4 0.360546875 0.2638888888888889 0.01640625 0.09722222222222222
4 0.40390625 0.2611111111111111 0.021875 0.08055555555555556
4 0.375390625 0.20069444444444445 0.01796875 0.05694444444444444
4 0.39140625 0.2048611111111111 0.01875 0.06111111111111111