4 0.60546875 0.2916666666666667 0.0234375 0.07777777777777778
4 0.616796875 0.2423611111111111 0.01640625 0.04583333333333333
4 0.3390625 0.3597222222222222 0.03125 0.08055555555555556
4 0.29609375 0.3861111111111111 0.028125 0.08333333333333333
4 0.309375 0.3277777777777778 0.0265625 0.06388888888888888
4 0.2359375 0.5604166666666667 0.05 0.11944444444444445
4 0.077734375 0.3972222222222222 0.03984375 0.043055555555555555
4 0.3421875 0.27569444444444446 0.028125 0.05694444444444444
4 0.3625 0.2881944444444444 0.0140625 0.05
4 0.383984375 0.25 0.025 0.05555555555555555
4 0.391015625 0.2 0.01640625 0.04722222222222222