5 0.596484375 0.3347222222222222 0.04453125 0.07361111111111111
5 0.54765625 0.43472222222222223 0.0609375 0.10833333333333334
5 0.648046875 0.4625 0.078125 0.1361111111111111
5 0.5828125 0.27291666666666664 0.04140625 0.058333333333333334
6 0.85546875 0.8111111111111111 0.2828125 0.375
6 0.659375 0.2375 0.0484375 0.06388888888888888
6 0.64609375 0.4618055555555556 0.078125 0.13472222222222222
6 0.5828125 0.27291666666666664 0.04375 0.0625
4 0.135546875 0.46458333333333335 0.02734375 0.10833333333333334
4 0.133984375 0.4 0.02109375 0.07222222222222222
4 0.181640625 0.32430555555555557 0.03671875 0.0875
5 0.526953125 0.31805555555555554 0.03984375 0.07222222222222222