4 0.375 0.3638888888888889 0.0203125 0.07777777777777778
5 0.839453125 0.8465277777777778 0.23359375 0.30416666666666664
5 0.540234375 0.46458333333333335 0.08125 0.1486111111111111
5 0.6375 0.75625 0.1421875 0.2625
5 0.6125 0.38263888888888886 0.065625 0.09583333333333334
5 0.66796875 0.49236111111111114 0.1046875 0.15
5 0.533984375 0.35208333333333336 0.05390625 0.08888888888888889
6 0.672265625 0.22847222222222222 0.084375 0.09444444444444444
6 0.56328125 0.24444444444444444 0.0828125 0.10277777777777777
7 0.6109375 0.2972222222222222 0.065625 0.09166666666666666
4 0.24296875 0.5951388888888889 0.04375 0.14305555555555555