5 0.584375 0.5548611111111111 0.0984375 0.19444444444444445
5 0.56171875 0.32708333333333334 0.0671875 0.10416666666666667
4 0.782421875 0.5194444444444445 0.05234375 0.13333333333333333
4 0.7640625 0.6756944444444445 0.046875 0.19305555555555556
4 0.716015625 0.3458333333333333 0.028125 0.09444444444444444
4 0.74609375 0.35555555555555557 0.0375 0.11388888888888889
4 0.660546875 0.27708333333333335 0.03359375 0.07916666666666666
4 0.608203125 0.2722222222222222 0.0234375 0.06388888888888888
5 0.301171875 0.4840277777777778 0.078125 0.17083333333333334
4 0.19453125 0.6375 0.065625 0.13333333333333333
4 0.15390625 0.56875 0.0328125 0.10138888888888889
4 0.07421875 0.4041666666666667 0.05625 0.06666666666666667
4 0.2078125 0.27847222222222223 0.04375 0.04583333333333333
4 0.32265625 0.32222222222222224 0.028125 0.08055555555555556
4 0.344921875 0.32569444444444445 0.02265625 0.07916666666666666
4 0.41015625 0.3159722222222222 0.02421875 0.08888888888888889
5 0.28046875 0.8833333333333333 0.215625 0.23055555555555557
4 0.396875 0.23680555555555555 0.0203125 0.05416666666666667
4 0.3203125 0.26458333333333334 0.021875 0.07083333333333333
4 0.36875 0.27361111111111114 0.0203125 0.075
4 0.18203125 0.5083333333333333 0.0359375 0.12222222222222222