7 0.185546875 0.4076388888888889 0.10625 0.2513888888888889
5 0.158203125 0.65 0.14609375 0.2111111111111111
5 0.58515625 0.7284722222222222 0.1515625 0.23194444444444445
5 0.541015625 0.40902777777777777 0.0796875 0.09583333333333334
5 0.526953125 0.3125 0.0453125 0.08888888888888889
5 0.28671875 0.3458333333333333 0.0515625 0.0763888888888889
5 0.638671875 0.25833333333333336 0.03671875 0.058333333333333334
5 0.683984375 0.2298611111111111 0.03515625 0.043055555555555555
5 0.319140625 0.2548611111111111 0.040625 0.04027777777777778
5 0.347265625 0.29930555555555555 0.05390625 0.075
6 0.686328125 0.4666666666666667 0.16328125 0.3