4 0.37421875 0.41458333333333336 0.0359375 0.1
5 0.725 0.5263888888888889 0.1125 0.18333333333333332
4 0.68984375 0.6402777777777777 0.0421875 0.14166666666666666
4 0.722265625 0.4083333333333333 0.02890625 0.08611111111111111
4 0.69140625 0.3451388888888889 0.0265625 0.09583333333333334
4 0.633984375 0.28958333333333336 0.02890625 0.0625
6 0.552734375 0.26875 0.07734375 0.15694444444444444
4 0.30703125 0.46111111111111114 0.0484375 0.14166666666666666
4 0.30390625 0.36319444444444443 0.034375 0.0875
4 0.353125 0.28402777777777777 0.025 0.07222222222222222
4 0.396875 0.28194444444444444 0.021875 0.09166666666666666
4 0.251953125 0.3638888888888889 0.03046875 0.08611111111111111
4 0.130078125 0.5958333333333333 0.04609375 0.15
4 0.2203125 0.6402777777777777 0.0453125 0.12777777777777777
4 0.223828125 0.49930555555555556 0.03671875 0.10694444444444444
4 0.081640625 0.3972222222222222 0.06484375 0.0763888888888889
4 0.3609375 0.22777777777777777 0.01953125 0.06666666666666667