4 0.3546875 0.3958333333333333 0.0296875 0.09166666666666666
4 0.441015625 0.2986111111111111 0.02421875 0.059722222222222225
4 0.6953125 0.29930555555555555 0.01640625 0.06944444444444445
5 0.746484375 0.6965277777777777 0.14453125 0.2152777777777778
5 0.674609375 0.9090277777777778 0.20703125 0.16805555555555557
5 0.629296875 0.4173611111111111 0.075 0.12361111111111112
5 0.603125 0.6270833333333333 0.1171875 0.22083333333333333
5 0.52109375 0.38333333333333336 0.0625 0.1111111111111111
5 0.60234375 0.3486111111111111 0.0515625 0.075
5 0.53359375 0.3215277777777778 0.046875 0.07361111111111111
6 0.69765625 0.21597222222222223 0.096875 0.09861111111111111
6 0.58828125 0.2298611111111111 0.0828125 0.08472222222222223
7 0.612109375 0.2743055555555556 0.05078125 0.09861111111111111