5 0.649609375 0.6180555555555556 0.15859375 0.2638888888888889
4 0.753125 0.38819444444444445 0.028125 0.09444444444444444
5 0.612890625 0.3125 0.0515625 0.08611111111111111
5 0.567578125 0.25069444444444444 0.06015625 0.09305555555555556
4 0.49609375 0.2722222222222222 0.046875 0.08333333333333333
5 0.186328125 0.6944444444444444 0.159375 0.23333333333333334
4 0.16015625 0.5034722222222222 0.0546875 0.0763888888888889
4 0.1328125 0.5916666666666667 0.046875 0.09166666666666666
4 0.262890625 0.4826388888888889 0.03515625 0.08472222222222223
4 0.076171875 0.3923611111111111 0.05546875 0.04861111111111111
4 0.205078125 0.2798611111111111 0.04296875 0.04027777777777778
5 0.316796875 0.9194444444444444 0.17734375 0.15833333333333333
4 0.300390625 0.37083333333333335 0.02265625 0.08611111111111111
7 0.411328125 0.2965277777777778 0.11171875 0.2902777777777778
4 0.289453125 0.32916666666666666 0.02265625 0.075
4 0.2265625 0.42986111111111114 0.028125 0.10555555555555556
4 0.209375 0.5020833333333333 0.0375 0.1125
4 0.280078125 0.3972222222222222 0.02265625 0.07777777777777778
4 0.35625 0.29444444444444445 0.025 0.08055555555555556
4 0.321875 0.2951388888888889 0.021875 0.07916666666666666
4 0.684765625 0.2611111111111111 0.01484375 0.06111111111111111
4 0.658984375 0.24305555555555555 0.0234375 0.07222222222222222
4 0.33046875 0.5777777777777777 0.03125 0.1111111111111111
4 0.0421875 0.6861111111111111 0.06875 0.16111111111111112