4 0.591796875 0.5020833333333333 0.06875 0.13472222222222222
4 0.920703125 0.44305555555555554 0.07734375 0.125
4 0.307421875 0.44166666666666665 0.0453125 0.10277777777777777
4 0.31640625 0.3486111111111111 0.0375 0.08194444444444444
4 0.3625 0.3451388888888889 0.0375 0.09444444444444444
5 0.43828125 0.32569444444444445 0.0734375 0.11805555555555555
4 0.078515625 0.4048611111111111 0.06484375 0.0625
4 0.209375 0.28402777777777777 0.0578125 0.04861111111111111
4 0.353125 0.25625 0.02734375 0.07083333333333333
4 0.6515625 0.24930555555555556 0.0171875 0.06527777777777778
4 0.521875 0.2673611111111111 0.05625 0.06666666666666667
4 0.150390625 0.68125 0.08984375 0.16805555555555557
4 0.23203125 0.39652777777777776 0.0265625 0.10138888888888889
4 0.37421875 0.24166666666666667 0.0171875 0.06111111111111111
4 0.38515625 0.19444444444444445 0.0140625 0.05277777777777778