5 0.631640625 0.7895833333333333 0.16640625 0.31805555555555554
5 0.586328125 0.5125 0.08828125 0.17222222222222222
7 0.568359375 0.35208333333333336 0.08046875 0.1486111111111111
4 0.806640625 0.5215277777777778 0.0421875 0.1486111111111111
5 0.7 0.4513888888888889 0.109375 0.18611111111111112
4 0.711328125 0.3402777777777778 0.03359375 0.09861111111111111
4 0.74765625 0.3576388888888889 0.0234375 0.11666666666666667
5 0.6421875 0.3020833333333333 0.065625 0.12361111111111112
4 0.675 0.26180555555555557 0.0171875 0.07222222222222222
4 0.641015625 0.24444444444444444 0.01953125 0.05277777777777778
4 0.383984375 0.2625 0.02890625 0.075
4 0.07578125 0.40069444444444446 0.0609375 0.08611111111111111
4 0.20703125 0.2902777777777778 0.04296875 0.058333333333333334