5 0.626171875 0.2701388888888889 0.05390625 0.08611111111111111
4 0.684765625 0.29444444444444445 0.02578125 0.08888888888888889
4 0.3375 0.6784722222222223 0.053125 0.16805555555555557
4 0.25390625 0.5236111111111111 0.0328125 0.15
4 0.0796875 0.41041666666666665 0.08125 0.10555555555555556
4 0.11796875 0.6645833333333333 0.078125 0.14305555555555555
4 0.297265625 0.40694444444444444 0.04296875 0.1
4 0.31328125 0.3333333333333333 0.0359375 0.09583333333333334
4 0.371484375 0.29791666666666666 0.02109375 0.06805555555555555
4 0.405859375 0.29305555555555557 0.03046875 0.08611111111111111
4 0.43125 0.30069444444444443 0.0203125 0.07916666666666666
4 0.351953125 0.2875 0.01640625 0.08611111111111111
4 0.370703125 0.2423611111111111 0.01640625 0.05138888888888889