4 0.678125 0.7951388888888888 0.0765625 0.1638888888888889
4 0.338671875 0.5555555555555556 0.06171875 0.15833333333333333
4 0.246875 0.5277777777777778 0.05 0.17222222222222222
4 0.079296875 0.6763888888888889 0.0609375 0.17222222222222222
4 0.28984375 0.8173611111111111 0.090625 0.25972222222222224
4 0.073828125 0.3951388888888889 0.05234375 0.06944444444444445
4 0.317578125 0.29097222222222224 0.02265625 0.07361111111111111
4 0.3609375 0.3104166666666667 0.03125 0.07916666666666666
4 0.4015625 0.2590277777777778 0.040625 0.0875
4 0.605859375 0.23958333333333334 0.01640625 0.0625
4 0.678515625 0.28125 0.04296875 0.09305555555555556
4 0.356640625 0.24861111111111112 0.02421875 0.07222222222222222
4 0.2265625 0.6708333333333333 0.0578125 0.1527777777777778