5 0.58203125 0.5256944444444445 0.10625 0.2
5 0.62109375 0.7951388888888888 0.1265625 0.2763888888888889
5 0.726171875 0.5006944444444444 0.1125 0.18194444444444444
5 0.668359375 0.3527777777777778 0.08203125 0.1111111111111111
7 0.567578125 0.3548611111111111 0.0796875 0.1597222222222222
4 0.6515625 0.27708333333333335 0.0234375 0.07083333333333333
4 0.69375 0.3138888888888889 0.028125 0.09722222222222222
4 0.747265625 0.36527777777777776 0.02734375 0.10277777777777777
4 0.387890625 0.2673611111111111 0.01796875 0.06944444444444445
5 0.444140625 0.27708333333333335 0.05390625 0.10972222222222222
4 0.232421875 0.38472222222222224 0.03203125 0.058333333333333334
4 0.178515625 0.5319444444444444 0.02890625 0.09722222222222222
4 0.078125 0.4048611111111111 0.05703125 0.07083333333333333
4 0.205859375 0.28194444444444444 0.046875 0.05555555555555555
4 0.30625 0.29583333333333334 0.0296875 0.09722222222222222
4 0.575 0.3527777777777778 0.0015625 0.002777777777777778
4 0.254296875 0.4527777777777778 0.04296875 0.12222222222222222