5 0.524609375 0.31319444444444444 0.04609375 0.059722222222222225
5 0.5359375 0.4666666666666667 0.0859375 0.1388888888888889
5 0.62890625 0.40555555555555556 0.0703125 0.10277777777777777
5 0.721875 0.6402777777777777 0.1328125 0.20555555555555555
5 0.5796875 0.7861111111111111 0.1484375 0.28888888888888886
5 0.319140625 0.43472222222222223 0.0671875 0.10833333333333334
5 0.167578125 0.4284722222222222 0.08984375 0.14027777777777778
4 0.775 0.42291666666666666 0.02890625 0.09861111111111111
4 0.700390625 0.31180555555555556 0.01484375 0.044444444444444446
4 0.197265625 0.3076388888888889 0.01953125 0.05277777777777778
4 0.165625 0.3 0.0171875 0.05694444444444444
6 0.608203125 0.26319444444444445 0.05234375 0.1111111111111111