5 0.6234375 0.49375 0.0859375 0.14027777777777778
6 0.640234375 0.2902777777777778 0.11171875 0.20277777777777778
4 0.34921875 0.4076388888888889 0.025 0.09583333333333334
4 0.37890625 0.3840277777777778 0.01796875 0.09305555555555556
5 0.438671875 0.35138888888888886 0.05546875 0.11666666666666667
4 0.274609375 0.42916666666666664 0.0390625 0.11666666666666667
4 0.305078125 0.37430555555555556 0.03203125 0.09861111111111111
4 0.211328125 0.45902777777777776 0.03046875 0.09722222222222222
4 0.23515625 0.5069444444444444 0.046875 0.14166666666666666
4 0.246484375 0.6625 0.04453125 0.1597222222222222
4 0.279296875 0.5548611111111111 0.046875 0.1
4 0.1453125 0.5291666666666667 0.040625 0.11388888888888889
4 0.094140625 0.8034722222222223 0.04921875 0.15
4 0.08125 0.38958333333333334 0.0578125 0.0763888888888889
4 0.326953125 0.3055555555555556 0.02421875 0.10277777777777777
4 0.3546875 0.3055555555555556 0.015625 0.04722222222222222
4 0.373828125 0.29375 0.03203125 0.09166666666666666
4 0.3359375 0.34097222222222223 0.01875 0.07222222222222222
4 0.37265625 0.3145833333333333 0.021875 0.075
4 0.35546875 0.29930555555555555 0.01875 0.058333333333333334
5 0.44921875 0.24166666666666667 0.0375 0.06111111111111111
4 0.391015625 0.2263888888888889 0.01796875 0.05555555555555555
4 0.4109375 0.2375 0.0171875 0.06388888888888888