4 0.699609375 0.3402777777777778 0.0296875 0.08055555555555556
5 0.369921875 0.6298611111111111 0.12421875 0.26944444444444443
4 0.144921875 0.5388888888888889 0.04296875 0.12777777777777777
4 0.259765625 0.3888888888888889 0.02890625 0.075
4 0.322265625 0.4652777777777778 0.03359375 0.11388888888888889
4 0.3765625 0.3861111111111111 0.02578125 0.1111111111111111
4 0.41015625 0.39444444444444443 0.025 0.08611111111111111
4 0.533203125 0.28055555555555556 0.01640625 0.05555555555555555
4 0.37109375 0.30972222222222223 0.0265625 0.07222222222222222
4 0.387890625 0.2652777777777778 0.01640625 0.08055555555555556
4 0.034375 0.7326388888888888 0.06875 0.20694444444444443