5 0.58203125 0.28125 0.05625 0.10416666666666667
4 0.745703125 0.3548611111111111 0.03203125 0.08194444444444444
4 0.6921875 0.30486111111111114 0.0328125 0.059722222222222225
4 0.2671875 0.5770833333333333 0.034375 0.15138888888888888
4 0.3859375 0.3840277777777778 0.028125 0.09444444444444444
4 0.2390625 0.4236111111111111 0.03203125 0.1
4 0.312109375 0.4583333333333333 0.0578125 0.06111111111111111
4 0.110546875 0.5805555555555556 0.04140625 0.13333333333333333
4 0.08046875 0.3972222222222222 0.053125 0.05555555555555555
4 0.21015625 0.29375 0.05 0.06805555555555555
4 0.280859375 0.33055555555555555 0.03984375 0.07777777777777778
4 0.335546875 0.29583333333333334 0.03203125 0.08888888888888889
5 0.529296875 0.20277777777777778 0.04453125 0.07777777777777778
4 0.3125 0.2673611111111111 0.021875 0.0763888888888889
4 0.246875 0.5034722222222222 0.028125 0.09027777777777778
4 0.26875 0.3902777777777778 0.01875 0.07777777777777778
4 0.3765625 0.2611111111111111 0.0203125 0.07083333333333333
4 0.3578125 0.22291666666666668 0.0140625 0.059722222222222225
4 0.378125 0.19027777777777777 0.01640625 0.06388888888888888
4 0.640625 0.2875 0.01953125 0.06388888888888888
4 0.672265625 0.24027777777777778 0.01640625 0.059722222222222225
4 0.658984375 0.24375 0.01796875 0.059722222222222225