4 0.19296875 0.5902777777777778 0.0578125 0.16944444444444445
4 0.12421875 0.5555555555555556 0.0453125 0.15
4 0.830859375 0.7465277777777778 0.07265625 0.24305555555555555
4 0.662890625 0.3194444444444444 0.02734375 0.1
4 0.716796875 0.33541666666666664 0.03515625 0.1111111111111111
4 0.582421875 0.2465277777777778 0.0203125 0.07361111111111111
4 0.61640625 0.2048611111111111 0.0171875 0.04027777777777778
4 0.295703125 0.40555555555555556 0.03203125 0.1361111111111111
4 0.33984375 0.3416666666666667 0.02421875 0.07777777777777778
4 0.369921875 0.3 0.03203125 0.07222222222222222
4 0.416796875 0.26805555555555555 0.034375 0.0875
4 0.31484375 0.3055555555555556 0.028125 0.08333333333333333
4 0.079296875 0.3993055555555556 0.06171875 0.07361111111111111
4 0.209375 0.28888888888888886 0.05 0.05555555555555555
4 0.2734375 0.37222222222222223 0.0171875 0.08611111111111111