4 0.85 0.5270833333333333 0.0453125 0.12916666666666668
4 0.715625 0.3527777777777778 0.0328125 0.09722222222222222
4 0.687109375 0.3215277777777778 0.02890625 0.08194444444444444
4 0.651953125 0.33958333333333335 0.01953125 0.0875
5 0.556640625 0.30416666666666664 0.06015625 0.1
4 0.178125 0.5520833333333334 0.0625 0.14583333333333334
4 0.084375 0.40555555555555556 0.0671875 0.07777777777777778
4 0.207421875 0.2881944444444444 0.04296875 0.05138888888888889
4 0.341015625 0.24722222222222223 0.02421875 0.07916666666666666
4 0.65546875 0.28055555555555556 0.0234375 0.07916666666666666
4 0.679296875 0.26805555555555555 0.0234375 0.06388888888888888
4 0.615234375 0.26805555555555555 0.02109375 0.09166666666666666
4 0.63359375 0.27361111111111114 0.0203125 0.07777777777777778
4 0.59921875 0.28194444444444444 0.02109375 0.075