4 0.16015625 0.3819444444444444 0.028125 0.08888888888888889
4 0.112109375 0.4513888888888889 0.0328125 0.10833333333333334
4 0.133203125 0.33819444444444446 0.02265625 0.07083333333333333
5 0.587109375 0.7013888888888888 0.1078125 0.21666666666666667
5 0.862109375 0.875 0.23515625 0.24722222222222223
5 0.57109375 0.25763888888888886 0.0453125 0.05416666666666667
6 0.682421875 0.5013888888888889 0.1171875 0.20833333333333334
6 0.683984375 0.22847222222222222 0.04453125 0.0625
7 0.532421875 0.3388888888888889 0.08125 0.2
7 0.625 0.3527777777777778 0.0640625 0.1527777777777778
7 0.3296875 0.2013888888888889 0.07578125 0.06388888888888888