4 0.43203125 0.38263888888888886 0.021875 0.07361111111111111
5 0.728125 0.6465277777777778 0.146875 0.23194444444444445
5 0.2859375 0.6291666666666667 0.1 0.20555555555555555
5 0.517578125 0.3659722222222222 0.05546875 0.08611111111111111
5 0.595703125 0.33541666666666664 0.05234375 0.0763888888888889
5 0.626171875 0.45069444444444445 0.07734375 0.12222222222222222
5 0.555078125 0.51875 0.0953125 0.18194444444444444
5 0.518359375 0.30069444444444443 0.0421875 0.05694444444444444
5 0.61875 0.2701388888888889 0.0421875 0.05694444444444444
5 0.667578125 0.2520833333333333 0.03828125 0.05277777777777778
5 0.344921875 0.36666666666666664 0.0546875 0.10555555555555556
7 0.5890625 0.19930555555555557 0.10625 0.08194444444444444