4 0.068359375 0.6534722222222222 0.06953125 0.15416666666666667
4 0.1328125 0.5819444444444445 0.06953125 0.15
4 0.24296875 0.43333333333333335 0.03671875 0.14027777777777778
4 0.292578125 0.4305555555555556 0.040625 0.10277777777777777
4 0.788671875 0.5604166666666667 0.04453125 0.1625
4 0.911328125 0.8479166666666667 0.07890625 0.16527777777777777
4 0.7203125 0.32708333333333334 0.053125 0.11805555555555555
4 0.680078125 0.2972222222222222 0.02578125 0.09166666666666666
4 0.653125 0.2833333333333333 0.01875 0.06388888888888888
4 0.63359375 0.28194444444444444 0.021875 0.07222222222222222
4 0.609375 0.27847222222222223 0.0328125 0.08194444444444444
5 0.559375 0.2875 0.05625 0.10277777777777777
4 0.0828125 0.4048611111111111 0.0625 0.0763888888888889
4 0.213671875 0.28541666666666665 0.05859375 0.0625
4 0.643359375 0.21805555555555556 0.01640625 0.04722222222222222