4 0.337890625 0.6486111111111111 0.05625 0.175
4 0.3171875 0.4097222222222222 0.025 0.08055555555555556
4 0.3734375 0.3597222222222222 0.0234375 0.08055555555555556
4 0.44375 0.38263888888888886 0.0265625 0.09583333333333334
4 0.419921875 0.2923611111111111 0.02421875 0.06944444444444445
4 0.35 0.3229166666666667 0.025 0.06527777777777778
4 0.3453125 0.27361111111111114 0.0234375 0.06111111111111111
4 0.172265625 0.7854166666666667 0.09296875 0.22916666666666666
5 0.5375 0.24097222222222223 0.046875 0.07916666666666666
4 0.64296875 0.2423611111111111 0.015625 0.04861111111111111
4 0.387890625 0.26875 0.025 0.06805555555555555
4 0.460546875 0.2743055555555556 0.01484375 0.07361111111111111