4 0.1734375 0.2833333333333333 0.028125 0.06666666666666667
5 0.1140625 0.6979166666666666 0.1484375 0.25416666666666665
5 0.66796875 0.24166666666666667 0.03984375 0.044444444444444446
5 0.637890625 0.2673611111111111 0.034375 0.05416666666666667
5 0.634765625 0.2388888888888889 0.04140625 0.04722222222222222
5 0.605078125 0.3076388888888889 0.04765625 0.07361111111111111
6 0.776953125 0.7048611111111112 0.38359375 0.5875
6 0.557421875 0.4354166666666667 0.12421875 0.3236111111111111
7 0.557421875 0.4354166666666667 0.12421875 0.3236111111111111
4 0.212109375 0.29097222222222224 0.0265625 0.07916666666666666
4 0.751171875 0.3854166666666667 0.0265625 0.08194444444444444