5 0.642578125 0.8965277777777778 0.18828125 0.20416666666666666
4 0.7984375 0.6236111111111111 0.05625 0.13055555555555556
7 0.57421875 0.3236111111111111 0.125 0.2777777777777778
5 0.65390625 0.3597222222222222 0.04921875 0.1111111111111111
4 0.734375 0.38472222222222224 0.025 0.06666666666666667
4 0.753515625 0.4638888888888889 0.02890625 0.075
4 0.712109375 0.35833333333333334 0.02890625 0.075
4 0.30546875 0.5756944444444444 0.059375 0.13472222222222222
4 0.074609375 0.3951388888888889 0.05234375 0.07361111111111111
4 0.710546875 0.28194444444444444 0.01953125 0.06666666666666667
4 0.68359375 0.29097222222222224 0.01875 0.06666666666666667
4 0.641015625 0.2673611111111111 0.01484375 0.06805555555555555
4 0.659375 0.25833333333333336 0.015625 0.06388888888888888