4 0.64296875 0.5472222222222223 0.0421875 0.14444444444444443
4 0.09296875 0.7305555555555555 0.090625 0.20694444444444443
4 0.241015625 0.4708333333333333 0.05703125 0.16111111111111112
4 0.30390625 0.38680555555555557 0.0375 0.11805555555555555
4 0.35078125 0.35625 0.028125 0.075
4 0.332421875 0.3194444444444444 0.03203125 0.09444444444444444
4 0.39296875 0.24305555555555555 0.021875 0.07083333333333333
5 0.434765625 0.3020833333333333 0.05859375 0.1125
4 0.88046875 0.6104166666666667 0.0734375 0.18611111111111112
4 0.784765625 0.48194444444444445 0.0375 0.12638888888888888
4 0.75703125 0.3770833333333333 0.0359375 0.08194444444444444
6 0.58828125 0.2777777777777778 0.10625 0.2111111111111111
4 0.691796875 0.2791666666666667 0.03515625 0.09305555555555556
4 0.23203125 0.3638888888888889 0.0453125 0.09444444444444444
4 0.080078125 0.39861111111111114 0.06484375 0.07777777777777778
4 0.210546875 0.2826388888888889 0.04921875 0.058333333333333334
4 0.30703125 0.2965277777777778 0.021875 0.075