5 0.540625 0.26458333333333334 0.0375 0.0763888888888889
5 0.3734375 0.5986111111111111 0.11875 0.25555555555555554
5 0.43359375 0.35347222222222224 0.075 0.1388888888888889
4 0.230859375 0.5229166666666667 0.03828125 0.12777777777777777
4 0.187109375 0.47708333333333336 0.04453125 0.12083333333333333
4 0.279296875 0.44513888888888886 0.03359375 0.11805555555555555
4 0.264453125 0.3798611111111111 0.01953125 0.07361111111111111
4 0.338671875 0.4354166666666667 0.03984375 0.10694444444444444
4 0.1296875 0.6125 0.071875 0.175
4 0.17578125 0.7409722222222223 0.0765625 0.1875
4 0.076171875 0.3958333333333333 0.04921875 0.075
4 0.308984375 0.29097222222222224 0.02578125 0.07361111111111111
4 0.327734375 0.31527777777777777 0.01796875 0.07777777777777778
4 0.36015625 0.30277777777777776 0.021875 0.08472222222222223
4 0.3828125 0.28125 0.02265625 0.07361111111111111
4 0.40859375 0.2625 0.03125 0.05277777777777778
4 0.026171875 0.6770833333333334 0.05234375 0.2125
4 0.891796875 0.6777777777777778 0.05546875 0.16944444444444445
5 0.4609375 0.22152777777777777 0.0375 0.07361111111111111
4 0.3625 0.2361111111111111 0.015625 0.05