4 0.24609375 0.41597222222222224 0.040625 0.10138888888888889
4 0.22109375 0.56875 0.04375 0.12916666666666668
4 0.061328125 0.7034722222222223 0.07890625 0.25416666666666665
4 0.6609375 0.3902777777777778 0.0203125 0.09166666666666666
4 0.7328125 0.3798611111111111 0.0328125 0.08888888888888889
4 0.944921875 0.6645833333333333 0.08515625 0.19027777777777777
4 0.683203125 0.34652777777777777 0.02265625 0.10833333333333334
4 0.608984375 0.3076388888888889 0.03203125 0.10138888888888889
4 0.634375 0.2916666666666667 0.028125 0.08333333333333333
4 0.658984375 0.30069444444444443 0.01953125 0.07083333333333333
4 0.688671875 0.27708333333333335 0.03203125 0.06527777777777778
5 0.559375 0.30486111111111114 0.0640625 0.10972222222222222
4 0.359375 0.22430555555555556 0.01640625 0.07361111111111111
4 0.084375 0.4076388888888889 0.06953125 0.08888888888888889
4 0.21484375 0.29097222222222224 0.05625 0.06527777777777778