7 0.64609375 0.23055555555555557 0.0640625 0.08333333333333333
7 0.71796875 0.2152777777777778 0.05703125 0.058333333333333334
5 0.616015625 0.8368055555555556 0.15546875 0.29305555555555557
5 0.71171875 0.6909722222222222 0.1390625 0.2152777777777778
5 0.651953125 0.4861111111111111 0.08984375 0.1388888888888889
5 0.636328125 0.3902777777777778 0.05625 0.08055555555555556
5 0.548046875 0.3472222222222222 0.05 0.07222222222222222
5 0.540234375 0.44513888888888886 0.06171875 0.09861111111111111
5 0.593359375 0.24305555555555555 0.04453125 0.04722222222222222
5 0.433203125 0.22152777777777777 0.05859375 0.05138888888888889
4 0.696484375 0.29375 0.01953125 0.044444444444444446
4 0.937109375 0.6416666666666667 0.04921875 0.1388888888888889