5 0.846875 0.8666666666666667 0.2265625 0.2222222222222222
5 0.50390625 0.2263888888888889 0.0578125 0.05277777777777778
5 0.547265625 0.48819444444444443 0.08046875 0.14583333333333334
5 0.5328125 0.3645833333333333 0.0546875 0.09583333333333334
5 0.60234375 0.35 0.04921875 0.08333333333333333
5 0.5984375 0.29583333333333334 0.046875 0.07222222222222222
5 0.558203125 0.27847222222222223 0.0421875 0.0625
5 0.525390625 0.3090277777777778 0.046875 0.058333333333333334
5 0.68203125 0.2375 0.0375 0.041666666666666664
5 0.6421875 0.28194444444444444 0.04375 0.06111111111111111
6 0.704296875 0.5472222222222223 0.15078125 0.26666666666666666