4 0.666796875 0.325 0.02578125 0.06944444444444445
4 0.641015625 0.275 0.02578125 0.05138888888888889
4 0.278515625 0.6319444444444444 0.03671875 0.1638888888888889
4 0.251171875 0.5430555555555555 0.04921875 0.1527777777777778
4 0.151171875 0.6659722222222222 0.03359375 0.12916666666666668
4 0.1828125 0.7090277777777778 0.05625 0.1986111111111111
4 0.105078125 0.6402777777777777 0.04921875 0.1388888888888889
4 0.353515625 0.39166666666666666 0.0296875 0.08611111111111111
4 0.331640625 0.3215277777777778 0.0234375 0.07361111111111111
4 0.371484375 0.29097222222222224 0.0203125 0.0763888888888889
4 0.340625 0.2611111111111111 0.01640625 0.04722222222222222
6 0.576953125 0.20694444444444443 0.0484375 0.08055555555555556
4 0.38828125 0.23819444444444443 0.0140625 0.043055555555555555
4 0.369140625 0.225 0.01171875 0.041666666666666664