4 0.13671875 0.3798611111111111 0.0265625 0.08611111111111111
5 0.74296875 0.6972222222222222 0.15 0.2388888888888889
5 0.594921875 0.7513888888888889 0.12734375 0.24166666666666667
5 0.547265625 0.5076388888888889 0.07890625 0.14444444444444443
5 0.617578125 0.3972222222222222 0.05859375 0.10416666666666667
5 0.690625 0.2388888888888889 0.0375 0.05277777777777778
5 0.61015625 0.2833333333333333 0.0453125 0.06388888888888888
5 0.651171875 0.2548611111111111 0.05078125 0.05555555555555555
5 0.5203125 0.32083333333333336 0.05078125 0.08333333333333333
5 0.587109375 0.3111111111111111 0.04765625 0.06111111111111111
5 0.566015625 0.2652777777777778 0.03828125 0.05
6 0.728515625 0.20277777777777778 0.05234375 0.05555555555555555
7 0.45 0.2013888888888889 0.11875 0.10555555555555556
4 0.173828125 0.2701388888888889 0.01640625 0.06388888888888888