5 0.629296875 0.6125 0.10703125 0.19722222222222222
4 0.7890625 0.6604166666666667 0.059375 0.17916666666666667
4 0.655859375 0.30625 0.0265625 0.07083333333333333
4 0.3390625 0.5506944444444445 0.04375 0.15833333333333333
4 0.220703125 0.6208333333333333 0.04921875 0.13333333333333333
4 0.291796875 0.6694444444444444 0.05546875 0.17222222222222222
4 0.284765625 0.43472222222222223 0.03515625 0.10277777777777777
4 0.3265625 0.3645833333333333 0.0265625 0.10138888888888889
4 0.3625 0.30416666666666664 0.0203125 0.07777777777777778
4 0.393359375 0.30625 0.02578125 0.06527777777777778
4 0.40625 0.5444444444444444 0.0515625 0.13055555555555556
4 0.11171875 0.8513888888888889 0.075 0.24166666666666667
4 0.05390625 0.75625 0.0640625 0.1875
4 0.355078125 0.2708333333333333 0.01328125 0.05555555555555555