4 0.325390625 0.47430555555555554 0.03203125 0.09861111111111111
4 0.314453125 0.3798611111111111 0.02421875 0.07083333333333333
4 0.3421875 0.3458333333333333 0.0328125 0.0763888888888889
4 0.376171875 0.34652777777777777 0.02578125 0.10416666666666667
4 0.3390625 0.2743055555555556 0.025 0.05416666666666667
4 0.209375 0.2875 0.05 0.07222222222222222
4 0.08515625 0.40555555555555556 0.0609375 0.07777777777777778
5 0.572265625 0.21388888888888888 0.03359375 0.05
4 0.145703125 0.5444444444444444 0.04609375 0.12222222222222222
4 0.189453125 0.5798611111111112 0.04765625 0.11944444444444445
4 0.366015625 0.2423611111111111 0.01484375 0.05694444444444444
4 0.66015625 0.24097222222222223 0.0203125 0.059722222222222225