6 0.595703125 0.50625 0.14609375 0.36944444444444446
4 0.154296875 0.6125 0.05546875 0.15555555555555556
4 0.348828125 0.5069444444444444 0.05390625 0.12222222222222222
4 0.31171875 0.46111111111111114 0.0328125 0.11666666666666667
4 0.344921875 0.38958333333333334 0.03359375 0.10416666666666667
4 0.389453125 0.4048611111111111 0.03046875 0.10416666666666667
4 0.3 0.3416666666666667 0.0265625 0.08055555555555556
4 0.273046875 0.33611111111111114 0.02890625 0.06666666666666667
4 0.083203125 0.39652777777777776 0.0546875 0.08472222222222223
4 0.2078125 0.28541666666666665 0.034375 0.04861111111111111
4 0.3171875 0.2972222222222222 0.0265625 0.08888888888888889
4 0.338671875 0.30069444444444443 0.01640625 0.0875
4 0.403125 0.3111111111111111 0.040625 0.075
4 0.372265625 0.2791666666666667 0.01484375 0.058333333333333334
4 0.43828125 0.28958333333333336 0.021875 0.09305555555555556
4 0.665625 0.23680555555555555 0.021875 0.07222222222222222
4 0.623046875 0.225 0.03046875 0.06944444444444445
5 0.622265625 0.2972222222222222 0.05078125 0.07222222222222222
5 0.540234375 0.29305555555555557 0.04609375 0.09166666666666666
5 0.528515625 0.23402777777777778 0.0515625 0.07361111111111111
4 0.155078125 0.7375 0.03828125 0.1388888888888889
4 0.282421875 0.40694444444444444 0.028125 0.1111111111111111
4 0.39921875 0.3020833333333333 0.0234375 0.08194444444444444
4 0.3890625 0.21041666666666667 0.0140625 0.0625
4 0.36796875 0.20208333333333334 0.0125 0.05416666666666667
4 0.417578125 0.2013888888888889 0.015625 0.058333333333333334
4 0.351171875 0.21736111111111112 0.0203125 0.059722222222222225
4 0.562109375 0.24097222222222223 0.01796875 0.059722222222222225
4 0.57734375 0.2361111111111111 0.0140625 0.05555555555555555