4 0.1515625 0.34097222222222223 0.0203125 0.07361111111111111
4 0.34453125 0.5208333333333334 0.0359375 0.11666666666666667
5 0.863671875 0.8819444444444444 0.21171875 0.2152777777777778
5 0.551953125 0.5159722222222223 0.090625 0.1638888888888889
5 0.68203125 0.5166666666666667 0.1078125 0.17777777777777778
5 0.5484375 0.2263888888888889 0.0578125 0.05277777777777778
5 0.533203125 0.2791666666666667 0.04453125 0.06111111111111111
5 0.531640625 0.4076388888888889 0.06171875 0.09027777777777778
5 0.691796875 0.22847222222222222 0.03984375 0.044444444444444446
6 0.6109375 0.2743055555555556 0.0546875 0.10416666666666667
7 0.634765625 0.37777777777777777 0.059375 0.1361111111111111