4 0.28359375 0.6138888888888889 0.0453125 0.14444444444444443
4 0.1640625 0.29930555555555555 0.0203125 0.06805555555555555
5 0.563671875 0.5729166666666666 0.09765625 0.1986111111111111
5 0.541015625 0.22777777777777777 0.05703125 0.05277777777777778
5 0.71171875 0.5854166666666667 0.121875 0.18888888888888888
5 0.5359375 0.43680555555555556 0.065625 0.10138888888888889
5 0.52421875 0.28680555555555554 0.05 0.07083333333333333
5 0.682421875 0.23055555555555557 0.04296875 0.05
6 0.6109375 0.28541666666666665 0.0640625 0.12916666666666668
7 0.637109375 0.3909722222222222 0.06171875 0.13472222222222222
4 0.7140625 0.30833333333333335 0.0203125 0.0625