4 0.064453125 0.66875 0.0734375 0.17916666666666667
4 0.084765625 0.4 0.04921875 0.06388888888888888
4 0.21328125 0.27569444444444446 0.053125 0.05
4 0.182421875 0.5395833333333333 0.05625 0.14722222222222223
4 0.244921875 0.5368055555555555 0.02578125 0.13194444444444445
4 0.291015625 0.55625 0.04296875 0.10972222222222222
4 0.325390625 0.33402777777777776 0.03359375 0.09583333333333334
4 0.203515625 0.4340277777777778 0.04296875 0.09861111111111111
4 0.3546875 0.33194444444444443 0.0265625 0.09166666666666666
4 0.409375 0.3277777777777778 0.034375 0.08611111111111111
4 0.276953125 0.3451388888888889 0.04140625 0.10138888888888889
4 0.736328125 0.6631944444444444 0.07421875 0.16805555555555557
4 0.348828125 0.25416666666666665 0.01796875 0.06388888888888888
4 0.398046875 0.24166666666666667 0.0171875 0.059722222222222225
4 0.375 0.22430555555555556 0.0203125 0.06944444444444445
4 0.616015625 0.24444444444444444 0.01796875 0.059722222222222225