5 0.55234375 0.5069444444444444 0.07734375 0.1375
5 0.534765625 0.29305555555555557 0.04140625 0.05277777777777778
5 0.564453125 0.2638888888888889 0.04296875 0.05555555555555555
5 0.528125 0.3402777777777778 0.0484375 0.08194444444444444
5 0.60390625 0.3104166666666667 0.04921875 0.05555555555555555
5 0.60390625 0.36319444444444443 0.0484375 0.09027777777777778
5 0.6265625 0.27708333333333335 0.0375 0.05277777777777778
6 0.658203125 0.4486111111111111 0.09140625 0.1388888888888889
6 0.698828125 0.74375 0.31328125 0.5097222222222222
7 0.651171875 0.2 0.09765625 0.08333333333333333
5 0.20859375 0.34930555555555554 0.059375 0.09861111111111111