4 0.166796875 0.2673611111111111 0.01796875 0.05555555555555555
4 0.135546875 0.23819444444444443 0.02109375 0.05694444444444444
4 0.7421875 0.3951388888888889 0.028125 0.09027777777777778
5 0.628125 0.8701388888888889 0.1578125 0.2569444444444444
5 0.548828125 0.5041666666666667 0.08984375 0.175
5 0.636328125 0.4791666666666667 0.0796875 0.1
5 0.832421875 0.8402777777777778 0.24296875 0.31666666666666665
5 0.539453125 0.3368055555555556 0.04609375 0.07916666666666666
5 0.605859375 0.36319444444444443 0.059375 0.10694444444444444
5 0.5203125 0.29305555555555557 0.0421875 0.05555555555555555
5 0.619921875 0.27152777777777776 0.05078125 0.05694444444444444
6 0.66796875 0.2152777777777778 0.0984375 0.08888888888888889
7 0.696875 0.22916666666666666 0.071875 0.07777777777777778
5 0.58046875 0.2708333333333333 0.0453125 0.058333333333333334