5 0.588671875 0.6409722222222223 0.12421875 0.2375
5 0.637109375 0.9180555555555555 0.18828125 0.15833333333333333
5 0.539453125 0.41041666666666665 0.0703125 0.13194444444444445
5 0.565625 0.22361111111111112 0.05 0.05277777777777778
5 0.31328125 0.20833333333333334 0.0546875 0.044444444444444446
4 0.9640625 0.6298611111111111 0.05625 0.14305555555555555
5 0.5203125 0.3138888888888889 0.0484375 0.07222222222222222
5 0.6125 0.31875 0.04375 0.06805555555555555
6 0.792578125 0.6305555555555555 0.27421875 0.49166666666666664
6 0.61953125 0.24444444444444444 0.06875 0.09444444444444444
7 0.20078125 0.7076388888888889 0.4015625 0.5819444444444445