5 0.601171875 0.6256944444444444 0.10390625 0.18194444444444444
5 0.569921875 0.40902777777777777 0.07890625 0.15138888888888888
5 0.62578125 0.2743055555555556 0.0546875 0.08472222222222223
5 0.583203125 0.19305555555555556 0.04453125 0.05277777777777778
7 0.54765625 0.2722222222222222 0.05625 0.1111111111111111
4 0.3140625 0.40694444444444444 0.0328125 0.1111111111111111
4 0.215625 0.5381944444444444 0.0515625 0.125
4 0.073828125 0.40069444444444446 0.05390625 0.08194444444444444
4 0.208203125 0.2847222222222222 0.04609375 0.04722222222222222
4 0.884375 0.8659722222222223 0.08125 0.15694444444444444
4 0.787109375 0.5375 0.06484375 0.12777777777777777
4 0.702734375 0.3159722222222222 0.0453125 0.10416666666666667
4 0.062109375 0.7597222222222222 0.0640625 0.18333333333333332
4 0.3765625 0.21875 0.021875 0.06805555555555555
4 0.64609375 0.4111111111111111 0.028125 0.1
4 0.653515625 0.2638888888888889 0.02109375 0.06666666666666667
4 0.394921875 0.21041666666666667 0.015625 0.04861111111111111