5 0.625390625 0.7375 0.15703125 0.34444444444444444
5 0.58359375 0.2826388888888889 0.05 0.0875
4 0.254296875 0.3819444444444444 0.05234375 0.08333333333333333
4 0.2578125 0.4791666666666667 0.0328125 0.11666666666666667
4 0.309375 0.29305555555555557 0.0328125 0.075
4 0.362109375 0.2916666666666667 0.01796875 0.075
4 0.388671875 0.22708333333333333 0.01640625 0.06527777777777778
4 0.080078125 0.3972222222222222 0.06796875 0.07222222222222222
4 0.350390625 0.26180555555555557 0.01640625 0.07361111111111111
4 0.658984375 0.22569444444444445 0.01953125 0.06527777777777778
4 0.625 0.21319444444444444 0.0171875 0.05138888888888889
4 0.598046875 0.20625 0.01640625 0.05555555555555555