4 0.60390625 0.3236111111111111 0.0390625 0.09444444444444444
4 0.78515625 0.5208333333333334 0.0453125 0.16944444444444445
4 0.505859375 0.25555555555555554 0.03515625 0.05694444444444444
4 0.187109375 0.7118055555555556 0.06640625 0.12916666666666668
4 0.091015625 0.4013888888888889 0.07265625 0.06666666666666667
5 0.440234375 0.2604166666666667 0.04609375 0.08888888888888889
4 0.55234375 0.3902777777777778 0.02421875 0.08888888888888889
4 0.596875 0.4048611111111111 0.025 0.0875
4 0.596875 0.23958333333333334 0.021875 0.05694444444444444
4 0.621875 0.22847222222222222 0.0203125 0.06111111111111111
4 0.400390625 0.22361111111111112 0.01796875 0.06666666666666667
4 0.53203125 0.2548611111111111 0.0125 0.04861111111111111