4 0.149609375 0.23958333333333334 0.01875 0.05416666666666667
4 0.776953125 0.41944444444444445 0.03046875 0.09166666666666666
5 0.60390625 0.35138888888888886 0.046875 0.08888888888888889
5 0.533203125 0.22916666666666666 0.05703125 0.05277777777777778
5 0.61875 0.24027777777777778 0.04375 0.05277777777777778
5 0.380078125 0.21597222222222223 0.05390625 0.05
5 0.68828125 0.2520833333333333 0.03828125 0.05138888888888889
6 0.759375 0.6701388888888888 0.1921875 0.33194444444444443
6 0.555078125 0.46458333333333335 0.09765625 0.21944444444444444
6 0.603515625 0.29375 0.05234375 0.09583333333333334
5 0.519921875 0.3173611111111111 0.03671875 0.059722222222222225