4 0.703125 0.47638888888888886 0.0375 0.14722222222222223
4 0.759765625 0.4166666666666667 0.03984375 0.13333333333333333
4 0.70390625 0.3972222222222222 0.0359375 0.07777777777777778
4 0.6953125 0.29305555555555557 0.0171875 0.07222222222222222
4 0.6578125 0.2965277777777778 0.02265625 0.06527777777777778
4 0.616796875 0.27291666666666664 0.02578125 0.059722222222222225
4 0.62578125 0.34375 0.0265625 0.06388888888888888
5 0.5640625 0.3277777777777778 0.0640625 0.08888888888888889
4 0.310546875 0.38333333333333336 0.03515625 0.10555555555555556
4 0.305859375 0.5201388888888889 0.03359375 0.13333333333333333
4 0.241015625 0.5506944444444445 0.05078125 0.13472222222222222
4 0.202734375 0.4625 0.04609375 0.09166666666666666
4 0.37421875 0.20555555555555555 0.0171875 0.06944444444444445
4 0.082421875 0.3909722222222222 0.06015625 0.07916666666666666
4 0.214453125 0.29097222222222224 0.0484375 0.05694444444444444
4 0.495703125 0.2298611111111111 0.02265625 0.06944444444444445