5 0.381640625 0.5875 0.12734375 0.26944444444444443
5 0.62421875 0.8027777777777778 0.175 0.3333333333333333
5 0.5890625 0.5159722222222223 0.115625 0.2
5 0.719140625 0.47291666666666665 0.12734375 0.18194444444444444
7 0.571484375 0.3506944444444444 0.08515625 0.16527777777777777
5 0.665234375 0.35347222222222224 0.07578125 0.11527777777777778
4 0.7234375 0.35625 0.0203125 0.09444444444444444
4 0.74453125 0.37569444444444444 0.0265625 0.10972222222222222
4 0.616015625 0.2263888888888889 0.025 0.043055555555555555
4 0.6515625 0.2722222222222222 0.02578125 0.06388888888888888
4 0.6921875 0.29930555555555555 0.028125 0.07361111111111111
4 0.073828125 0.4076388888888889 0.053125 0.04583333333333333
4 0.20859375 0.28888888888888886 0.05 0.05555555555555555