4 0.159765625 0.4083333333333333 0.02421875 0.09166666666666666
5 0.6296875 0.43819444444444444 0.0765625 0.12222222222222222
5 0.533203125 0.2298611111111111 0.0609375 0.05138888888888889
5 0.173828125 0.5347222222222222 0.07890625 0.16111111111111112
5 0.5203125 0.3548611111111111 0.053125 0.1
5 0.6265625 0.24375 0.0375 0.04722222222222222
5 0.666015625 0.25 0.03984375 0.05
5 0.61796875 0.27847222222222223 0.0390625 0.04583333333333333
5 0.517578125 0.2951388888888889 0.05 0.0625
6 0.659375 0.8451388888888889 0.25625 0.30694444444444446
6 0.612890625 0.33611111111111114 0.05390625 0.1
4 0.705859375 0.3 0.02109375 0.0625