4 0.628515625 0.3194444444444444 0.0234375 0.06111111111111111
4 0.6859375 0.31875 0.02265625 0.07361111111111111
4 0.707421875 0.37916666666666665 0.02421875 0.09861111111111111
4 0.791796875 0.6131944444444445 0.03671875 0.14444444444444443
4 0.38125 0.4013888888888889 0.02734375 0.10833333333333334
4 0.3484375 0.2916666666666667 0.0203125 0.06944444444444445
4 0.278125 0.3923611111111111 0.04140625 0.06944444444444445
4 0.23671875 0.5479166666666667 0.04609375 0.10972222222222222
4 0.283984375 0.4444444444444444 0.03515625 0.07777777777777778
4 0.3703125 0.2111111111111111 0.0140625 0.05555555555555555
5 0.5515625 0.22847222222222222 0.0421875 0.06805555555555555