4 0.59453125 0.6125 0.05 0.15833333333333333
4 0.7 0.42569444444444443 0.0390625 0.10972222222222222
4 0.7265625 0.37083333333333335 0.0265625 0.06666666666666667
4 0.71953125 0.3173611111111111 0.028125 0.07083333333333333
4 0.69609375 0.30972222222222223 0.01796875 0.05555555555555555
4 0.676953125 0.2972222222222222 0.02265625 0.05555555555555555
4 0.63359375 0.27708333333333335 0.0203125 0.059722222222222225
4 0.612890625 0.27291666666666664 0.02578125 0.04861111111111111
4 0.66015625 0.2923611111111111 0.0296875 0.0625
5 0.559765625 0.2923611111111111 0.06328125 0.10277777777777777
4 0.2515625 0.45416666666666666 0.0359375 0.11666666666666667
4 0.325 0.30486111111111114 0.04375 0.0763888888888889
4 0.080078125 0.40694444444444444 0.05546875 0.07777777777777778
4 0.2078125 0.2861111111111111 0.040625 0.03888888888888889
4 0.589453125 0.2708333333333333 0.01640625 0.058333333333333334
4 0.378125 0.18888888888888888 0.0140625 0.05277777777777778