4 0.58359375 0.5722222222222222 0.0390625 0.15694444444444444
4 0.339453125 0.39444444444444443 0.02734375 0.07777777777777778
4 0.253515625 0.40069444444444446 0.03203125 0.08194444444444444
4 0.07734375 0.4 0.059375 0.08333333333333333
4 0.20859375 0.28541666666666665 0.0375 0.059722222222222225
4 0.34296875 0.31180555555555556 0.0265625 0.09027777777777778
4 0.677734375 0.30486111111111114 0.0234375 0.0763888888888889
4 0.398828125 0.23958333333333334 0.01953125 0.06944444444444445
4 0.54140625 0.21944444444444444 0.0171875 0.05138888888888889
4 0.546484375 0.2722222222222222 0.01953125 0.06388888888888888
4 0.657421875 0.25625 0.0171875 0.06111111111111111
4 0.636328125 0.2659722222222222 0.01796875 0.07083333333333333
4 0.601953125 0.24583333333333332 0.01484375 0.05277777777777778
4 0.614453125 0.2263888888888889 0.01796875 0.05277777777777778
4 0.35703125 0.22083333333333333 0.015625 0.06388888888888888
4 0.370703125 0.20069444444444445 0.0125 0.05416666666666667
4 0.56640625 0.4576388888888889 0.0328125 0.09861111111111111