4 0.87578125 0.575 0.0515625 0.15
6 0.575390625 0.3548611111111111 0.12421875 0.2847222222222222
4 0.3296875 0.3416666666666667 0.03125 0.09722222222222222
4 0.355078125 0.3548611111111111 0.02265625 0.06527777777777778
4 0.424609375 0.29583333333333334 0.01640625 0.06111111111111111
4 0.2609375 0.33194444444444443 0.021875 0.07777777777777778
4 0.2796875 0.3770833333333333 0.0328125 0.09027777777777778
4 0.0765625 0.3923611111111111 0.065625 0.08611111111111111
4 0.354296875 0.2548611111111111 0.0171875 0.06388888888888888
4 0.389453125 0.2638888888888889 0.02265625 0.06944444444444445
4 0.35390625 0.29097222222222224 0.0171875 0.059722222222222225
7 0.2078125 0.6958333333333333 0.415625 0.6055555555555555
4 0.655078125 0.22708333333333333 0.01640625 0.06527777777777778
4 0.601171875 0.21666666666666667 0.01796875 0.06111111111111111
4 0.408984375 0.21458333333333332 0.0171875 0.05277777777777778
4 0.403515625 0.27708333333333335 0.01484375 0.0625