7 0.615625 0.26458333333333334 0.040625 0.08333333333333333
5 0.526953125 0.35625 0.04140625 0.07083333333333333
5 0.584765625 0.7236111111111111 0.13515625 0.2638888888888889
5 0.63125 0.9708333333333333 0.1578125 0.058333333333333334
5 0.573046875 0.2673611111111111 0.03671875 0.044444444444444446
5 0.7046875 0.24375 0.0375 0.04583333333333333
5 0.504296875 0.2326388888888889 0.06171875 0.04861111111111111
4 0.743359375 0.39444444444444443 0.021875 0.058333333333333334
4 0.68671875 0.3284722222222222 0.015625 0.05555555555555555
4 0.1796875 0.38125 0.02890625 0.09305555555555556
6 0.735546875 0.6090277777777777 0.16015625 0.2972222222222222