5 0.606640625 0.6895833333333333 0.15234375 0.24861111111111112
5 0.58515625 0.46111111111111114 0.08671875 0.18333333333333332
5 0.528125 0.25555555555555554 0.034375 0.06944444444444445
5 0.5984375 0.24791666666666667 0.04609375 0.0763888888888889
5 0.664453125 0.35208333333333336 0.07421875 0.11666666666666667
4 0.7765625 0.6319444444444444 0.06875 0.15833333333333333
4 0.734375 0.48125 0.0578125 0.12361111111111112
4 0.719140625 0.375 0.025 0.08611111111111111
4 0.30234375 0.3298611111111111 0.0265625 0.09027777777777778
4 0.3609375 0.31319444444444444 0.040625 0.0875
4 0.42734375 0.2951388888888889 0.025 0.08472222222222223
4 0.20859375 0.2916666666666667 0.0421875 0.03333333333333333
4 0.085546875 0.4041666666666667 0.07890625 0.09444444444444444
7 0.5671875 0.33958333333333335 0.06875 0.11805555555555555
4 0.652734375 0.24583333333333332 0.02109375 0.06527777777777778
4 0.7328125 0.3416666666666667 0.0328125 0.075