4 0.72265625 0.5034722222222222 0.0375 0.11527777777777778
4 0.809765625 0.51875 0.04140625 0.09861111111111111
7 0.558203125 0.2902777777777778 0.08515625 0.18611111111111112
4 0.345703125 0.3326388888888889 0.02421875 0.0875
4 0.263671875 0.5284722222222222 0.04765625 0.13194444444444445
4 0.26640625 0.42430555555555555 0.04375 0.07916666666666666
4 0.139453125 0.5465277777777777 0.04765625 0.11527777777777778
4 0.10390625 0.6923611111111111 0.0734375 0.10972222222222222
5 0.38828125 0.2520833333333333 0.0515625 0.09583333333333334
4 0.33671875 0.25555555555555554 0.0171875 0.05
4 0.450390625 0.24791666666666667 0.01875 0.07222222222222222
4 0.096484375 0.8923611111111112 0.07109375 0.2125