4 0.137890625 0.3951388888888889 0.02734375 0.09305555555555556
5 0.6359375 0.8784722222222222 0.15625 0.24027777777777778
5 0.618359375 0.3076388888888889 0.046875 0.0625
5 0.546875 0.27152777777777776 0.053125 0.059722222222222225
6 0.76796875 0.6729166666666667 0.2046875 0.3597222222222222
6 0.660546875 0.2375 0.05546875 0.08055555555555556
7 0.55078125 0.43472222222222223 0.1140625 0.26666666666666666
7 0.64375 0.44722222222222224 0.1046875 0.21388888888888888
4 0.199609375 0.29791666666666666 0.01953125 0.059722222222222225
4 0.17109375 0.2798611111111111 0.0140625 0.06805555555555555
4 0.1390625 0.26805555555555555 0.01875 0.058333333333333334