4 0.28359375 0.6138888888888889 0.05 0.14722222222222223
4 0.1640625 0.29930555555555555 0.02265625 0.07083333333333333
5 0.563671875 0.5729166666666666 0.10234375 0.20416666666666666
5 0.541015625 0.22777777777777777 0.05703125 0.058333333333333334
5 0.71171875 0.5854166666666667 0.1265625 0.2
5 0.5359375 0.43680555555555556 0.065625 0.10416666666666667
5 0.52421875 0.28680555555555554 0.05 0.07361111111111111
5 0.682421875 0.23055555555555557 0.04296875 0.05
6 0.6109375 0.28541666666666665 0.0640625 0.13055555555555556
7 0.637109375 0.3909722222222222 0.0625 0.13472222222222222
4 0.7140625 0.30833333333333335 0.01875 0.06111111111111111