5 0.3359375 0.8368055555555556 0.16875 0.3236111111111111
4 0.65078125 0.5006944444444444 0.0515625 0.1597222222222222
4 0.869921875 0.5826388888888889 0.08203125 0.1486111111111111
4 0.287890625 0.45069444444444445 0.046875 0.14305555555555555
4 0.33359375 0.31875 0.0328125 0.09305555555555556
4 0.375390625 0.23819444444444443 0.03046875 0.09861111111111111
5 0.437890625 0.31875 0.0546875 0.14305555555555555
4 0.666015625 0.30416666666666664 0.028125 0.08888888888888889
4 0.715625 0.3159722222222222 0.028125 0.05416666666666667
4 0.55390625 0.2777777777777778 0.0296875 0.06388888888888888
6 0.53515625 0.19236111111111112 0.0703125 0.11527777777777778
4 0.29296875 0.2798611111111111 0.0375 0.09444444444444444
4 0.07890625 0.3902777777777778 0.0609375 0.09166666666666666
4 0.2078125 0.28402777777777777 0.0484375 0.059722222222222225
4 0.046875 0.8409722222222222 0.071875 0.24861111111111112
4 0.339453125 0.26805555555555555 0.03046875 0.08611111111111111
4 0.633984375 0.2763888888888889 0.02578125 0.0763888888888889
4 0.39765625 0.225 0.01875 0.07222222222222222
4 0.47421875 0.23680555555555555 0.0328125 0.059722222222222225