4 0.759375 0.46111111111111114 0.0328125 0.1111111111111111
4 0.878125 0.5277777777777778 0.0453125 0.15555555555555556
5 0.64140625 0.33611111111111114 0.0625 0.09722222222222222
4 0.598046875 0.3840277777777778 0.04765625 0.10138888888888889
4 0.34765625 0.3326388888888889 0.02109375 0.09583333333333334
4 0.258984375 0.48125 0.03203125 0.13194444444444445
4 0.0921875 0.575 0.0625 0.11666666666666667
4 0.077734375 0.40625 0.05078125 0.08055555555555556
4 0.3203125 0.2965277777777778 0.021875 0.08194444444444444
4 0.366796875 0.2861111111111111 0.03203125 0.09444444444444444
6 0.533203125 0.2263888888888889 0.06953125 0.11666666666666667
4 0.291015625 0.5819444444444445 0.04140625 0.16111111111111112
4 0.35625 0.22708333333333333 0.021875 0.06805555555555555
4 0.618359375 0.25833333333333336 0.01640625 0.05694444444444444
4 0.571875 0.22847222222222222 0.01875 0.05694444444444444