4 0.739453125 0.7611111111111111 0.06796875 0.18333333333333332
4 0.81015625 0.9041666666666667 0.0671875 0.18888888888888888
4 0.90390625 0.6986111111111111 0.0734375 0.14444444444444443
4 0.771484375 0.46458333333333335 0.05078125 0.13194444444444445
4 0.730078125 0.4111111111111111 0.03671875 0.11666666666666667
4 0.696484375 0.3659722222222222 0.021875 0.08194444444444444
4 0.700390625 0.2986111111111111 0.028125 0.07222222222222222
4 0.673828125 0.2923611111111111 0.02109375 0.05
4 0.65859375 0.29305555555555557 0.0171875 0.058333333333333334
4 0.630078125 0.30694444444444446 0.015625 0.05555555555555555
4 0.60703125 0.2590277777777778 0.015625 0.05277777777777778
4 0.59609375 0.28125 0.021875 0.05555555555555555
5 0.5484375 0.25972222222222224 0.0515625 0.0763888888888889
4 0.076171875 0.39652777777777776 0.05703125 0.07083333333333333
4 0.215625 0.28402777777777777 0.0375 0.034722222222222224
4 0.437890625 0.25833333333333336 0.02421875 0.05277777777777778
4 0.344140625 0.24583333333333332 0.01953125 0.06388888888888888