4 0.735546875 0.3576388888888889 0.02421875 0.09027777777777778
5 0.553125 0.24166666666666667 0.0453125 0.07222222222222222
4 0.602734375 0.40208333333333335 0.02421875 0.09027777777777778
4 0.37890625 0.4013888888888889 0.0296875 0.10555555555555556
4 0.30546875 0.50625 0.0265625 0.11666666666666667
4 0.148046875 0.6270833333333333 0.05703125 0.1638888888888889
4 0.093359375 0.6277777777777778 0.046875 0.15138888888888888
4 0.078515625 0.39652777777777776 0.05078125 0.06805555555555555
4 0.33671875 0.31319444444444444 0.03125 0.07083333333333333
4 0.4203125 0.28125 0.01875 0.08472222222222223
4 0.37890625 0.24097222222222223 0.015625 0.06527777777777778
4 0.36640625 0.22013888888888888 0.0140625 0.059722222222222225