7 0.673046875 0.20277777777777778 0.06796875 0.06111111111111111
7 0.878125 0.8395833333333333 0.2421875 0.31805555555555554
7 0.28828125 0.47430555555555554 0.128125 0.30972222222222223
5 0.576171875 0.6388888888888888 0.11796875 0.19583333333333333
5 0.718359375 0.6194444444444445 0.13671875 0.18888888888888888
5 0.63203125 0.43472222222222223 0.075 0.09166666666666666
5 0.525 0.39375 0.0625 0.10416666666666667
5 0.601953125 0.35833333333333334 0.0515625 0.07777777777777778
5 0.5171875 0.31319444444444444 0.04375 0.058333333333333334
5 0.5390625 0.275 0.0359375 0.05
5 0.502734375 0.22361111111111112 0.05703125 0.05
5 0.5828125 0.2465277777777778 0.046875 0.04722222222222222
5 0.65859375 0.23680555555555555 0.034375 0.04583333333333333
5 0.748828125 0.20555555555555555 0.04140625 0.03888888888888889
4 0.8625 0.5548611111111111 0.0421875 0.10138888888888889