5 0.601953125 0.3458333333333333 0.059375 0.12777777777777777
4 0.111328125 0.7743055555555556 0.10078125 0.22361111111111112
4 0.3421875 0.3236111111111111 0.03125 0.08611111111111111
4 0.312109375 0.31319444444444444 0.01953125 0.06527777777777778
4 0.076171875 0.4 0.0578125 0.05555555555555555
4 0.345703125 0.25069444444444444 0.02265625 0.058333333333333334
4 0.617578125 0.24444444444444444 0.02578125 0.05555555555555555
4 0.64609375 0.24305555555555555 0.021875 0.058333333333333334
4 0.390625 0.22708333333333333 0.01875 0.05416666666666667
4 0.208203125 0.5263888888888889 0.04765625 0.16666666666666666
4 0.370703125 0.21944444444444444 0.01953125 0.06388888888888888