5 0.6390625 0.5902777777777778 0.10703125 0.2111111111111111
4 0.554296875 0.3638888888888889 0.02890625 0.06944444444444445
4 0.327734375 0.4048611111111111 0.03828125 0.11805555555555555
4 0.262109375 0.5625 0.05234375 0.19722222222222222
4 0.076953125 0.3958333333333333 0.07421875 0.06666666666666667
4 0.3234375 0.30694444444444446 0.0265625 0.08611111111111111
4 0.344921875 0.29583333333333334 0.02265625 0.09861111111111111
4 0.359765625 0.29930555555555555 0.028125 0.07083333333333333
5 0.459765625 0.24930555555555556 0.04609375 0.07777777777777778
4 0.377734375 0.2569444444444444 0.01953125 0.06805555555555555
4 0.394140625 0.2361111111111111 0.01640625 0.06111111111111111
4 0.4234375 0.22152777777777777 0.01875 0.06527777777777778
4 0.350390625 0.22083333333333333 0.0171875 0.05277777777777778