4 0.7140625 0.4263888888888889 0.03125 0.1
4 0.371484375 0.6125 0.04609375 0.1638888888888889
4 0.282421875 0.4840277777777778 0.03203125 0.10694444444444444
4 0.27578125 0.6284722222222222 0.0546875 0.18194444444444444
4 0.165625 0.6736111111111112 0.065625 0.18055555555555555
4 0.223046875 0.46805555555555556 0.03046875 0.08888888888888889
4 0.32421875 0.41180555555555554 0.0359375 0.10416666666666667
4 0.38828125 0.40625 0.0296875 0.05694444444444444
4 0.39140625 0.35625 0.0265625 0.059722222222222225
4 0.34453125 0.3298611111111111 0.01875 0.06527777777777778
4 0.356640625 0.27847222222222223 0.0203125 0.0625
4 0.415234375 0.2569444444444444 0.01796875 0.06527777777777778
5 0.528515625 0.22152777777777777 0.04140625 0.059722222222222225
4 0.393359375 0.24305555555555555 0.01640625 0.05694444444444444