4 0.745703125 0.3729166666666667 0.04453125 0.1125
4 0.3359375 0.28541666666666665 0.0359375 0.08472222222222223
4 0.0796875 0.4 0.053125 0.07916666666666666
4 0.210546875 0.27847222222222223 0.040625 0.04583333333333333
5 0.55546875 0.29097222222222224 0.0484375 0.11527777777777778
4 0.687890625 0.34375 0.02578125 0.0875
4 0.65625 0.34652777777777777 0.028125 0.08194444444444444
4 0.606640625 0.3020833333333333 0.02421875 0.07916666666666666
4 0.633203125 0.27847222222222223 0.02265625 0.059722222222222225
4 0.655078125 0.27291666666666664 0.0203125 0.0763888888888889
4 0.68046875 0.28055555555555556 0.0265625 0.06111111111111111