6 0.835546875 0.5888888888888889 0.26640625 0.4777777777777778
5 0.59453125 0.2423611111111111 0.046875 0.07361111111111111
4 0.669921875 0.2625 0.021875 0.08055555555555556
4 0.284765625 0.4097222222222222 0.03828125 0.08055555555555556
4 0.248828125 0.3423611111111111 0.03828125 0.08194444444444444
4 0.108203125 0.35208333333333336 0.0453125 0.10694444444444444
4 0.123046875 0.6930555555555555 0.046875 0.14444444444444443
4 0.21640625 0.5472222222222223 0.05546875 0.14444444444444443
4 0.338671875 0.4111111111111111 0.03828125 0.09583333333333334
4 0.31328125 0.34444444444444444 0.034375 0.09583333333333334
6 0.39296875 0.375 0.08359375 0.19722222222222222
6 0.2796875 0.7291666666666666 0.34375 0.5388888888888889
4 0.33359375 0.2701388888888889 0.02578125 0.08333333333333333
4 0.541796875 0.3958333333333333 0.0375 0.13055555555555556
4 0.35703125 0.27708333333333335 0.01796875 0.06666666666666667
4 0.366796875 0.18472222222222223 0.01328125 0.04722222222222222
4 0.369140625 0.2375 0.01640625 0.06388888888888888