4 0.854296875 0.6930555555555555 0.07890625 0.2
4 0.96015625 0.7638888888888888 0.078125 0.23055555555555557
4 0.7734375 0.4673611111111111 0.0453125 0.13194444444444445
4 0.72265625 0.4131944444444444 0.034375 0.10138888888888889
4 0.690625 0.34097222222222223 0.0328125 0.07916666666666666
7 0.609765625 0.4222222222222222 0.16640625 0.35
4 0.143359375 0.5506944444444445 0.03515625 0.10555555555555556
4 0.208984375 0.4777777777777778 0.03046875 0.10833333333333334
4 0.075 0.3909722222222222 0.06875 0.06527777777777778
4 0.33671875 0.26944444444444443 0.0140625 0.07777777777777778
4 0.66640625 0.2902777777777778 0.01875 0.05555555555555555