4 0.312109375 0.39444444444444443 0.03828125 0.11388888888888889
4 0.078125 0.4027777777777778 0.059375 0.07916666666666666
4 0.180859375 0.7263888888888889 0.08203125 0.17222222222222222
4 0.2078125 0.29097222222222224 0.0484375 0.058333333333333334
5 0.599609375 0.375 0.06875 0.12222222222222222
4 0.815625 0.5861111111111111 0.0578125 0.18333333333333332
4 0.4140625 0.27291666666666664 0.021875 0.08194444444444444
4 0.39375 0.3159722222222222 0.021875 0.08472222222222223
4 0.34765625 0.30972222222222223 0.028125 0.058333333333333334
4 0.362109375 0.32083333333333336 0.0234375 0.07777777777777778
4 0.31953125 0.2861111111111111 0.021875 0.06111111111111111
4 0.35703125 0.2534722222222222 0.021875 0.0763888888888889
4 0.3828125 0.25069444444444444 0.0203125 0.06527777777777778
4 0.521875 0.28194444444444444 0.021875 0.07777777777777778
4 0.279296875 0.33958333333333335 0.02265625 0.0875