4 0.077734375 0.40625 0.06015625 0.06805555555555555
4 0.312109375 0.3451388888888889 0.02578125 0.05555555555555555
4 0.301171875 0.3104166666666667 0.0234375 0.0625
4 0.339453125 0.25277777777777777 0.01875 0.06111111111111111
4 0.640625 0.3611111111111111 0.0328125 0.08055555555555556
4 0.697265625 0.3263888888888889 0.02265625 0.07222222222222222
4 0.730859375 0.3506944444444444 0.02421875 0.07916666666666666
6 0.184375 0.575 0.275 0.5111111111111111
7 0.41015625 0.35347222222222224 0.1390625 0.39305555555555555
4 0.6015625 0.23958333333333334 0.01953125 0.05416666666666667
4 0.2671875 0.32569444444444445 0.021875 0.05277777777777778
4 0.316015625 0.28194444444444444 0.01640625 0.06388888888888888