4 0.8109375 0.64375 0.0578125 0.1486111111111111
6 0.421484375 0.3402777777777778 0.11171875 0.24722222222222223
4 0.181640625 0.6520833333333333 0.0609375 0.1763888888888889
4 0.115234375 0.5881944444444445 0.04453125 0.11527777777777778
4 0.184375 0.42916666666666664 0.025 0.09166666666666666
4 0.279296875 0.4465277777777778 0.0359375 0.1125
4 0.26015625 0.3625 0.0296875 0.06527777777777778
4 0.3125 0.37569444444444444 0.03125 0.0875
4 0.35078125 0.3458333333333333 0.028125 0.06388888888888888
4 0.290234375 0.32708333333333334 0.02109375 0.07083333333333333
4 0.31171875 0.32013888888888886 0.028125 0.05138888888888889
4 0.330078125 0.2826388888888889 0.02421875 0.07361111111111111
4 0.344921875 0.30694444444444446 0.02421875 0.07222222222222222
4 0.076953125 0.39375 0.05234375 0.05416666666666667
4 0.088671875 0.7756944444444445 0.07265625 0.24027777777777778