7 0.60546875 0.24305555555555555 0.078125 0.1
7 0.525390625 0.29097222222222224 0.04765625 0.12916666666666668
5 0.6875 0.8513888888888889 0.178125 0.29444444444444445
5 0.196875 0.5201388888888889 0.11875 0.21388888888888888
4 0.1828125 0.34097222222222223 0.03125 0.08194444444444444
4 0.298046875 0.21458333333333332 0.01796875 0.0375
4 0.33359375 0.22152777777777777 0.028125 0.041666666666666664
4 0.391796875 0.2222222222222222 0.03671875 0.020833333333333332
4 0.430859375 0.22708333333333333 0.028125 0.03194444444444444
4 0.44921875 0.2923611111111111 0.0203125 0.05
4 0.7078125 0.3333333333333333 0.01875 0.06388888888888888