4 0.910546875 0.7916666666666666 0.0921875 0.21388888888888888
4 0.73359375 0.35208333333333336 0.0296875 0.09027777777777778
4 0.68203125 0.29305555555555557 0.021875 0.07777777777777778
4 0.65625 0.2798611111111111 0.0171875 0.0625
4 0.61015625 0.27708333333333335 0.0203125 0.07777777777777778
4 0.633203125 0.26944444444444443 0.02734375 0.0625
5 0.558984375 0.2833333333333333 0.05859375 0.08333333333333333
4 0.355078125 0.32708333333333334 0.0265625 0.08472222222222223
4 0.325390625 0.3215277777777778 0.03359375 0.12083333333333333
4 0.215625 0.41875 0.0296875 0.09027777777777778
4 0.076171875 0.39861111111111114 0.05546875 0.05555555555555555
4 0.2078125 0.29097222222222224 0.0578125 0.059722222222222225
4 0.668359375 0.2520833333333333 0.01484375 0.04861111111111111