4 0.160546875 0.35138888888888886 0.01953125 0.07777777777777778
5 0.56015625 0.5736111111111111 0.0921875 0.18333333333333332
5 0.61875 0.39652777777777776 0.0640625 0.10694444444444444
5 0.473046875 0.2263888888888889 0.05546875 0.05277777777777778
5 0.60234375 0.3229166666666667 0.05625 0.07222222222222222
5 0.527734375 0.3277777777777778 0.05390625 0.0763888888888889
5 0.55 0.29583333333333334 0.04453125 0.07222222222222222
5 0.551171875 0.25555555555555554 0.03984375 0.05
5 0.539453125 0.39652777777777776 0.06796875 0.13194444444444445
5 0.659375 0.25 0.040625 0.044444444444444446
6 0.762109375 0.6701388888888888 0.19921875 0.34305555555555556