5 0.3984375 0.4173611111111111 0.0671875 0.12361111111111112
4 0.2703125 0.5104166666666666 0.04375 0.11944444444444445
4 0.2296875 0.46458333333333335 0.028125 0.10138888888888889
4 0.13359375 0.5666666666666667 0.0390625 0.1111111111111111
4 0.256640625 0.3659722222222222 0.0265625 0.07361111111111111
4 0.284765625 0.3902777777777778 0.02578125 0.08333333333333333
4 0.322265625 0.3541666666666667 0.02734375 0.09444444444444444
4 0.304296875 0.3159722222222222 0.0171875 0.0763888888888889
4 0.37421875 0.28888888888888886 0.0171875 0.05694444444444444
5 0.444140625 0.29097222222222224 0.05078125 0.10138888888888889
5 0.326953125 0.775 0.18828125 0.4125
5 0.55703125 0.3111111111111111 0.046875 0.08333333333333333
4 0.145703125 0.47708333333333336 0.0390625 0.10138888888888889
4 0.348828125 0.2826388888888889 0.01796875 0.05138888888888889
4 0.3375 0.24166666666666667 0.015625 0.03888888888888889
4 0.373828125 0.25069444444444444 0.01875 0.043055555555555555
4 0.396484375 0.24930555555555556 0.02109375 0.059722222222222225