4 0.96015625 0.6111111111111112 0.0703125 0.18333333333333332
4 0.857421875 0.5027777777777778 0.05390625 0.13333333333333333
4 0.7859375 0.45694444444444443 0.040625 0.1
4 0.7515625 0.4076388888888889 0.025 0.08194444444444444
5 0.679296875 0.42569444444444443 0.059375 0.1111111111111111
7 0.5828125 0.3548611111111111 0.1296875 0.3263888888888889
4 0.683984375 0.33402777777777776 0.0171875 0.06666666666666667
4 0.6734375 0.28055555555555556 0.0265625 0.06666666666666667
4 0.30703125 0.3 0.0328125 0.07777777777777778
4 0.082421875 0.4076388888888889 0.06953125 0.0763888888888889
4 0.69375 0.29583333333333334 0.0171875 0.06944444444444445