4 0.1734375 0.36736111111111114 0.025 0.08611111111111111
5 0.602734375 0.7694444444444445 0.14609375 0.31666666666666665
5 0.63671875 0.4638888888888889 0.075 0.13055555555555556
5 0.73515625 0.6555555555555556 0.14375 0.225
5 0.5828125 0.35138888888888886 0.0484375 0.08611111111111111
5 0.589453125 0.28680555555555554 0.04140625 0.059722222222222225
5 0.90859375 0.9222222222222223 0.1796875 0.125
6 0.51796875 0.2152777777777778 0.121875 0.08611111111111111
6 0.7140625 0.23819444444444443 0.0390625 0.05416666666666667
6 0.682421875 0.2569444444444444 0.0359375 0.06944444444444445
7 0.551171875 0.2548611111111111 0.05234375 0.0875