5 0.583203125 0.6243055555555556 0.10390625 0.19305555555555556
5 0.642578125 0.4840277777777778 0.09453125 0.1375
5 0.61640625 0.36944444444444446 0.0625 0.09722222222222222
5 0.5234375 0.32222222222222224 0.04375 0.07083333333333333
5 0.579296875 0.3145833333333333 0.040625 0.058333333333333334
5 0.5921875 0.2826388888888889 0.034375 0.043055555555555555
5 0.587890625 0.24722222222222223 0.03671875 0.05277777777777778
5 0.640234375 0.2763888888888889 0.03359375 0.04861111111111111
5 0.680859375 0.22430555555555556 0.04140625 0.03194444444444444
4 0.070703125 0.5055555555555555 0.03671875 0.09444444444444444
4 0.91171875 0.5847222222222223 0.0625 0.14722222222222223