4 0.891015625 0.8263888888888888 0.10859375 0.21944444444444444
4 0.785546875 0.55625 0.0453125 0.1375
4 0.765234375 0.4534722222222222 0.04296875 0.09305555555555556
4 0.7375 0.3416666666666667 0.0296875 0.07777777777777778
4 0.066015625 0.3951388888888889 0.05234375 0.08194444444444444
4 0.34375 0.27847222222222223 0.0203125 0.06666666666666667
4 0.386328125 0.2743055555555556 0.0296875 0.11527777777777778
4 0.44609375 0.2791666666666667 0.021875 0.06527777777777778
4 0.669921875 0.26875 0.01875 0.06527777777777778
5 0.61796875 0.7222222222222222 0.165625 0.28055555555555556
5 0.58359375 0.4930555555555556 0.1 0.14722222222222223
5 0.675390625 0.37777777777777777 0.07265625 0.11666666666666667
7 0.569921875 0.3416666666666667 0.08515625 0.15833333333333333
5 0.61328125 0.26319444444444445 0.07109375 0.0875
5 0.537109375 0.2625 0.05390625 0.075
4 0.234765625 0.5506944444444445 0.04296875 0.1361111111111111