4 0.71015625 0.4236111111111111 0.04140625 0.10555555555555556
4 0.25 0.5736111111111111 0.046875 0.16944444444444445
4 0.215625 0.5340277777777778 0.0328125 0.12361111111111112
4 0.16484375 0.5138888888888888 0.0375 0.14722222222222223
4 0.107421875 0.6083333333333333 0.04921875 0.15833333333333333
4 0.07890625 0.38819444444444445 0.0640625 0.0763888888888889
4 0.246875 0.36180555555555555 0.03515625 0.0763888888888889
4 0.212890625 0.44166666666666665 0.04140625 0.10555555555555556
4 0.275390625 0.46805555555555556 0.03671875 0.09722222222222222
4 0.3296875 0.3541666666666667 0.0359375 0.08333333333333333
4 0.3015625 0.32430555555555557 0.028125 0.0763888888888889
6 0.440234375 0.26666666666666666 0.08046875 0.18055555555555555
5 0.231640625 0.8277777777777777 0.18671875 0.3416666666666667
4 0.3734375 0.29444444444444445 0.02578125 0.07777777777777778
4 0.3484375 0.30625 0.0234375 0.058333333333333334
4 0.323828125 0.27152777777777776 0.021875 0.059722222222222225
4 0.646484375 0.28888888888888886 0.02578125 0.07222222222222222
4 0.626953125 0.25555555555555554 0.02109375 0.05