5 0.402734375 0.4125 0.06328125 0.12638888888888888
4 0.300390625 0.42916666666666664 0.0328125 0.10555555555555556
4 0.21875 0.42916666666666664 0.0359375 0.11944444444444445
4 0.07890625 0.4083333333333333 0.0609375 0.06666666666666667
4 0.2046875 0.28402777777777777 0.05 0.04583333333333333
4 0.362890625 0.3451388888888889 0.034375 0.06944444444444445
4 0.70703125 0.33194444444444443 0.0359375 0.1111111111111111
4 0.522265625 0.26944444444444443 0.04140625 0.08055555555555556
4 0.398828125 0.2520833333333333 0.02421875 0.06805555555555555
4 0.6 0.22777777777777777 0.028125 0.07777777777777778
4 0.385546875 0.18333333333333332 0.01796875 0.06388888888888888
4 0.360546875 0.28125 0.0234375 0.05694444444444444
4 0.334375 0.24930555555555556 0.0125 0.06805555555555555
4 0.40546875 0.15902777777777777 0.015625 0.05277777777777778