5 0.626171875 0.2701388888888889 0.05078125 0.08055555555555556
4 0.684765625 0.29444444444444445 0.03046875 0.09166666666666666
4 0.3375 0.6784722222222223 0.05625 0.16944444444444445
4 0.25390625 0.5236111111111111 0.0359375 0.15
4 0.0796875 0.41041666666666665 0.078125 0.09583333333333334
4 0.11796875 0.6645833333333333 0.0765625 0.14027777777777778
4 0.297265625 0.40694444444444444 0.04296875 0.1
4 0.31328125 0.3333333333333333 0.03671875 0.09722222222222222
4 0.371484375 0.29791666666666666 0.02109375 0.06805555555555555
4 0.405859375 0.29305555555555557 0.03203125 0.0875
4 0.43125 0.30069444444444443 0.01875 0.07777777777777778
4 0.351953125 0.2875 0.015625 0.08611111111111111
4 0.370703125 0.2423611111111111 0.01328125 0.04861111111111111