5 0.42109375 0.4097222222222222 0.0765625 0.17222222222222222
5 0.551171875 0.34097222222222223 0.0625 0.09583333333333334
4 0.726953125 0.4131944444444444 0.05859375 0.1375
4 0.67109375 0.3138888888888889 0.03671875 0.08611111111111111
4 0.625390625 0.30486111111111114 0.02578125 0.08194444444444444
4 0.314453125 0.5069444444444444 0.03515625 0.125
4 0.291015625 0.4409722222222222 0.046875 0.09583333333333334
4 0.080859375 0.3993055555555556 0.05546875 0.09027777777777778
4 0.103125 0.8194444444444444 0.0484375 0.2222222222222222
4 0.360546875 0.2638888888888889 0.02109375 0.1
4 0.40390625 0.2611111111111111 0.0234375 0.08333333333333333
4 0.375390625 0.20069444444444445 0.01796875 0.05694444444444444
4 0.39140625 0.2048611111111111 0.0171875 0.06111111111111111