4 0.173828125 0.30833333333333335 0.0265625 0.07222222222222222
4 0.703515625 0.28055555555555556 0.01484375 0.05555555555555555
5 0.84609375 0.8673611111111111 0.2265625 0.2625
5 0.62890625 0.8881944444444444 0.1640625 0.22083333333333333
5 0.571484375 0.6125 0.08984375 0.17777777777777778
5 0.6515625 0.48680555555555555 0.0859375 0.12916666666666668
5 0.665625 0.25069444444444444 0.04609375 0.05694444444444444
5 0.523828125 0.35138888888888886 0.059375 0.09166666666666666
5 0.549609375 0.2833333333333333 0.03828125 0.05555555555555555
5 0.5890625 0.3486111111111111 0.05 0.07777777777777778
5 0.621484375 0.26805555555555555 0.04453125 0.058333333333333334
5 0.594140625 0.2965277777777778 0.04296875 0.0625
6 0.7125 0.20972222222222223 0.071875 0.075
7 0.394140625 0.19791666666666666 0.10859375 0.08472222222222223