4 0.075 0.40069444444444446 0.0640625 0.07083333333333333
4 0.209375 0.2861111111111111 0.0484375 0.06666666666666667
4 0.30703125 0.39861111111111114 0.0390625 0.12777777777777777
4 0.383984375 0.3423611111111111 0.03515625 0.09166666666666666
4 0.683203125 0.4791666666666667 0.06015625 0.1361111111111111
4 0.6859375 0.3173611111111111 0.025 0.09166666666666666
4 0.705859375 0.30277777777777776 0.0234375 0.09444444444444444
5 0.60234375 0.6645833333333333 0.13046875 0.21805555555555556
5 0.571875 0.43680555555555556 0.07734375 0.14305555555555555
5 0.633984375 0.3138888888888889 0.07265625 0.11944444444444445
7 0.55546875 0.30069444444444443 0.0796875 0.18055555555555555
4 0.226171875 0.4513888888888889 0.03671875 0.125