5 0.593359375 0.29791666666666666 0.05078125 0.0763888888888889
5 0.55546875 0.2048611111111111 0.0375 0.05555555555555555
5 0.384375 0.6256944444444444 0.1015625 0.2986111111111111
4 0.22265625 0.6493055555555556 0.0328125 0.1638888888888889
4 0.15625 0.5576388888888889 0.0453125 0.13194444444444445
4 0.16875 0.46041666666666664 0.0421875 0.09861111111111111
4 0.2234375 0.4826388888888889 0.02890625 0.07916666666666666
4 0.277734375 0.5229166666666667 0.04375 0.12916666666666668
4 0.320703125 0.5298611111111111 0.04296875 0.12083333333333333
4 0.369921875 0.4375 0.03203125 0.09722222222222222
4 0.369921875 0.33611111111111114 0.01796875 0.08333333333333333
4 0.30703125 0.36041666666666666 0.0203125 0.09583333333333334
4 0.24921875 0.3972222222222222 0.034375 0.09166666666666666
4 0.266796875 0.3368055555555556 0.0375 0.06111111111111111
4 0.3203125 0.2861111111111111 0.0390625 0.1
4 0.34296875 0.28055555555555556 0.021875 0.07777777777777778
4 0.08515625 0.4 0.046875 0.09166666666666666
4 0.051953125 0.6590277777777778 0.0578125 0.11944444444444445
4 0.324609375 0.45555555555555555 0.03046875 0.07916666666666666
4 0.347265625 0.2111111111111111 0.0140625 0.05
4 0.39921875 0.20972222222222223 0.0140625 0.05555555555555555
7 0.449609375 0.19791666666666666 0.06484375 0.17916666666666667
4 0.655078125 0.22152777777777777 0.01640625 0.05416666666666667
4 0.61953125 0.19444444444444445 0.0171875 0.05555555555555555
4 0.637109375 0.19166666666666668 0.01015625 0.05555555555555555