4 0.414453125 0.41041666666666665 0.03515625 0.1125
4 0.315625 0.40208333333333335 0.025 0.09583333333333334
4 0.2515625 0.37430555555555556 0.03125 0.09166666666666666
4 0.294921875 0.33125 0.02421875 0.0763888888888889
4 0.3328125 0.30416666666666664 0.021875 0.06666666666666667
4 0.346875 0.2604166666666667 0.0203125 0.07083333333333333
4 0.39375 0.28541666666666665 0.0265625 0.05416666666666667
4 0.4421875 0.28194444444444444 0.0296875 0.06944444444444445
4 0.25703125 0.6409722222222223 0.040625 0.12916666666666668
4 0.318359375 0.7423611111111111 0.04375 0.19305555555555556
4 0.205078125 0.5416666666666666 0.03515625 0.1388888888888889
4 0.073828125 0.40208333333333335 0.0625 0.08472222222222223
4 0.672265625 0.3659722222222222 0.02578125 0.09305555555555556
4 0.6640625 0.2604166666666667 0.01328125 0.04583333333333333
4 0.480859375 0.2548611111111111 0.01640625 0.06527777777777778
4 0.3859375 0.2263888888888889 0.015625 0.044444444444444446
4 0.36953125 0.1840277777777778 0.0140625 0.02638888888888889