5 0.606640625 0.45416666666666666 0.08984375 0.14722222222222223
4 0.867578125 0.6097222222222223 0.05546875 0.1986111111111111
4 0.6296875 0.24375 0.01875 0.07361111111111111
4 0.67109375 0.28402777777777777 0.021875 0.09444444444444444
4 0.534765625 0.2520833333333333 0.02265625 0.08611111111111111
4 0.08046875 0.4131944444444444 0.0734375 0.09444444444444444
4 0.3328125 0.325 0.0234375 0.09861111111111111
4 0.273828125 0.32222222222222224 0.03984375 0.1
4 0.432421875 0.23541666666666666 0.01953125 0.058333333333333334
4 0.6640625 0.22291666666666668 0.01875 0.05694444444444444
4 0.451171875 0.23055555555555557 0.0125 0.04722222222222222