7 0.656640625 0.24722222222222223 0.03984375 0.08333333333333333
5 0.52109375 0.3055555555555556 0.03984375 0.06666666666666667
5 0.549609375 0.5076388888888889 0.09140625 0.18055555555555555
5 0.612109375 0.8229166666666666 0.18046875 0.35138888888888886
5 0.573046875 0.2833333333333333 0.040625 0.058333333333333334
5 0.59921875 0.25763888888888886 0.0375 0.044444444444444446
5 0.626171875 0.2388888888888889 0.02421875 0.03888888888888889
5 0.521875 0.23472222222222222 0.0625 0.044444444444444446
4 0.187890625 0.41388888888888886 0.0328125 0.08888888888888889
6 0.66796875 0.47291666666666665 0.096875 0.1986111111111111
6 0.83359375 0.7333333333333333 0.33125 0.5305555555555556