7 0.185546875 0.4076388888888889 0.09921875 0.24305555555555555
5 0.158203125 0.65 0.15078125 0.225
5 0.58515625 0.7284722222222222 0.15859375 0.24722222222222223
5 0.541015625 0.40902777777777777 0.07890625 0.09305555555555556
5 0.526953125 0.3125 0.05 0.09722222222222222
5 0.28671875 0.3458333333333333 0.04921875 0.07222222222222222
5 0.638671875 0.25833333333333336 0.03671875 0.058333333333333334
5 0.683984375 0.2298611111111111 0.03515625 0.04027777777777778
5 0.319140625 0.2548611111111111 0.04140625 0.043055555555555555
5 0.347265625 0.29930555555555555 0.05390625 0.075
6 0.686328125 0.4666666666666667 0.1640625 0.30277777777777776