4 0.19375 0.5520833333333334 0.0421875 0.12361111111111112
4 0.096875 0.6090277777777777 0.04375 0.14722222222222223
4 0.73671875 0.6340277777777777 0.0640625 0.13194444444444445
4 0.7890625 0.5520833333333334 0.03125 0.1125
4 0.8609375 0.5729166666666666 0.040625 0.14305555555555555
4 0.74453125 0.44930555555555557 0.0375 0.1111111111111111
4 0.708203125 0.29791666666666666 0.0265625 0.08194444444444444
4 0.683984375 0.29583333333333334 0.0234375 0.09444444444444444
4 0.655859375 0.28888888888888886 0.01953125 0.05555555555555555
4 0.612890625 0.28055555555555556 0.02578125 0.06666666666666667
5 0.560546875 0.29583333333333334 0.07421875 0.11944444444444445
4 0.080859375 0.4076388888888889 0.06640625 0.07083333333333333
4 0.212109375 0.29583333333333334 0.046875 0.06111111111111111
4 0.630859375 0.27569444444444446 0.01640625 0.0763888888888889
4 0.615234375 0.1909722222222222 0.01484375 0.04861111111111111