4 0.1203125 0.42083333333333334 0.0296875 0.10555555555555556
5 0.551953125 0.5215277777777778 0.09140625 0.16805555555555557
5 0.5359375 0.38055555555555554 0.0546875 0.10555555555555556
5 0.59765625 0.3076388888888889 0.0453125 0.06527777777777778
5 0.4921875 0.2263888888888889 0.05625 0.05
5 0.8703125 0.9291666666666667 0.2046875 0.1388888888888889
5 0.555859375 0.2847222222222222 0.04609375 0.06944444444444445
5 0.629296875 0.2826388888888889 0.04296875 0.059722222222222225
5 0.609765625 0.3701388888888889 0.0546875 0.09444444444444444
5 0.668359375 0.24097222222222223 0.03828125 0.04722222222222222
5 0.557421875 0.2534722222222222 0.04609375 0.05694444444444444
5 0.51953125 0.32222222222222224 0.04609375 0.06111111111111111
6 0.729296875 0.6027777777777777 0.16875 0.3055555555555556