4 0.687109375 0.5909722222222222 0.04453125 0.15138888888888888
4 0.813671875 0.5277777777777778 0.04921875 0.09444444444444444
4 0.749609375 0.41180555555555554 0.03671875 0.09027777777777778
4 0.676171875 0.4701388888888889 0.04921875 0.07222222222222222
4 0.69609375 0.3597222222222222 0.0375 0.08333333333333333
4 0.622265625 0.2847222222222222 0.02265625 0.04722222222222222
4 0.68359375 0.2791666666666667 0.028125 0.06527777777777778
4 0.586328125 0.25069444444444444 0.02265625 0.05416666666666667
4 0.605078125 0.22777777777777777 0.03125 0.06944444444444445
5 0.53515625 0.23680555555555555 0.0578125 0.09583333333333334
4 0.379296875 0.33194444444444443 0.03828125 0.08611111111111111
4 0.412109375 0.28680555555555554 0.03046875 0.09166666666666666
4 0.3109375 0.3034722222222222 0.0328125 0.09861111111111111
4 0.079296875 0.39791666666666664 0.07421875 0.08194444444444444
4 0.21328125 0.29305555555555557 0.0484375 0.04722222222222222
4 0.644921875 0.2847222222222222 0.01953125 0.06111111111111111