4 0.150390625 0.3680555555555556 0.025 0.09166666666666666
5 0.5515625 0.5611111111111111 0.084375 0.15555555555555556
5 0.792578125 0.8208333333333333 0.20078125 0.2972222222222222
5 0.649609375 0.8597222222222223 0.18515625 0.2777777777777778
5 0.64921875 0.5013888888888889 0.0921875 0.14166666666666666
5 0.5203125 0.3798611111111111 0.0546875 0.09444444444444444
5 0.59921875 0.3277777777777778 0.0421875 0.06666666666666667
5 0.526953125 0.29305555555555557 0.04765625 0.059722222222222225
5 0.602734375 0.28055555555555556 0.03984375 0.06666666666666667
5 0.6890625 0.23958333333333334 0.0375 0.05138888888888889
7 0.524609375 0.20208333333333334 0.11171875 0.07916666666666666
4 0.283203125 0.84375 0.0765625 0.2263888888888889