5 0.6859375 0.7951388888888888 0.1859375 0.3388888888888889
6 0.684375 0.38472222222222224 0.171875 0.2972222222222222
6 0.604296875 0.20069444444444445 0.071875 0.10972222222222222
4 0.29453125 0.6375 0.04375 0.16944444444444445
4 0.24453125 0.6361111111111111 0.0546875 0.11666666666666667
4 0.123046875 0.6548611111111111 0.05390625 0.15694444444444444
4 0.2453125 0.5458333333333333 0.05625 0.10694444444444444
4 0.285546875 0.42430555555555555 0.03046875 0.11527777777777778
4 0.322265625 0.46458333333333335 0.02578125 0.10972222222222222
4 0.33671875 0.4111111111111111 0.021875 0.07777777777777778
4 0.2375 0.4076388888888889 0.0390625 0.08194444444444444
4 0.105859375 0.35208333333333336 0.04921875 0.08055555555555556
4 0.078515625 0.40694444444444444 0.04375 0.09444444444444444
4 0.30234375 0.34652777777777777 0.0296875 0.08333333333333333
4 0.330859375 0.3229166666666667 0.02421875 0.09027777777777778
5 0.44609375 0.29444444444444445 0.0453125 0.08055555555555556
4 0.380859375 0.31666666666666665 0.021875 0.07777777777777778
4 0.3640625 0.29444444444444445 0.015625 0.06944444444444445
4 0.4015625 0.3013888888888889 0.021875 0.09166666666666666
4 0.5109375 0.24027777777777778 0.021875 0.07777777777777778