4 0.080078125 0.40694444444444444 0.059375 0.0875
4 0.210546875 0.28541666666666665 0.04140625 0.04583333333333333
4 0.757421875 0.4027777777777778 0.03125 0.09722222222222222
4 0.685546875 0.3763888888888889 0.03046875 0.08333333333333333
4 0.711328125 0.36736111111111114 0.02734375 0.08611111111111111
4 0.68046875 0.28680555555555554 0.021875 0.09027777777777778
4 0.65234375 0.2798611111111111 0.015625 0.0625
4 0.6328125 0.27361111111111114 0.01875 0.06527777777777778
4 0.615234375 0.26944444444444443 0.03359375 0.08611111111111111
5 0.56484375 0.2916666666666667 0.0609375 0.08472222222222223
4 0.361328125 0.24027777777777778 0.03046875 0.075
4 0.630859375 0.3506944444444444 0.02578125 0.0875