4 0.148828125 0.75625 0.08515625 0.2152777777777778
4 0.158203125 0.5784722222222223 0.06328125 0.15138888888888888
4 0.176171875 0.45208333333333334 0.06875 0.12638888888888888
4 0.27109375 0.39375 0.040625 0.1111111111111111
4 0.3828125 0.3784722222222222 0.0390625 0.12916666666666668
4 0.342578125 0.37083333333333335 0.03515625 0.10833333333333334
4 0.31875 0.3277777777777778 0.0265625 0.10833333333333334
4 0.337890625 0.28194444444444444 0.02265625 0.06944444444444445
6 0.61484375 0.35 0.1109375 0.2569444444444444
5 0.52734375 0.22291666666666668 0.0390625 0.0625
4 0.6953125 0.28125 0.03125 0.0875
4 0.8015625 0.4270833333333333 0.0453125 0.13194444444444445
4 0.082421875 0.3958333333333333 0.0703125 0.07777777777777778
4 0.207421875 0.2826388888888889 0.04453125 0.05694444444444444
4 0.37734375 0.25 0.0171875 0.06944444444444445
4 0.387109375 0.21875 0.01953125 0.06527777777777778
4 0.343359375 0.225 0.02109375 0.06388888888888888
4 0.280859375 0.5020833333333333 0.0453125 0.14305555555555555