5 0.705859375 0.8611111111111112 0.21640625 0.275
4 0.5484375 0.41388888888888886 0.025 0.10833333333333334
4 0.36328125 0.32083333333333336 0.0265625 0.08055555555555556
4 0.271875 0.44375 0.05 0.10138888888888889
4 0.22734375 0.6479166666666667 0.0578125 0.19027777777777777
4 0.092578125 0.6486111111111111 0.07421875 0.20555555555555555
4 0.078125 0.3909722222222222 0.075 0.07222222222222222
4 0.209375 0.2833333333333333 0.0484375 0.058333333333333334
4 0.365625 0.24444444444444444 0.0171875 0.07777777777777778
4 0.340625 0.24166666666666667 0.028125 0.06805555555555555
4 0.662109375 0.26458333333333334 0.02421875 0.0625
4 0.6125 0.19305555555555556 0.0296875 0.06388888888888888
4 0.542578125 0.33541666666666664 0.02109375 0.06527777777777778
4 0.38359375 0.23472222222222222 0.015625 0.07361111111111111