5 0.5828125 0.46875 0.0859375 0.15138888888888888
4 0.713671875 0.4847222222222222 0.04296875 0.1111111111111111
5 0.7265625 0.8715277777777778 0.2375 0.25416666666666665
4 0.3296875 0.59375 0.046875 0.12916666666666668
4 0.395703125 0.5701388888888889 0.04765625 0.11805555555555555
4 0.269921875 0.4597222222222222 0.03046875 0.11666666666666667
4 0.188671875 0.5104166666666666 0.04296875 0.11805555555555555
4 0.191015625 0.6152777777777778 0.0390625 0.10277777777777777
4 0.21953125 0.6881944444444444 0.0390625 0.16944444444444445
4 0.26171875 0.5784722222222223 0.05 0.12222222222222222
4 0.325 0.34097222222222223 0.028125 0.0875
4 0.35078125 0.32013888888888886 0.0328125 0.1111111111111111
4 0.385546875 0.32222222222222224 0.025 0.09722222222222222
4 0.425 0.2673611111111111 0.015625 0.06805555555555555
4 0.078515625 0.4041666666666667 0.0609375 0.08055555555555556
4 0.058203125 0.7770833333333333 0.07734375 0.19305555555555556
4 0.3375 0.25555555555555554 0.0234375 0.06944444444444445
4 0.354296875 0.20625 0.01796875 0.05694444444444444
4 0.369140625 0.21805555555555556 0.01484375 0.058333333333333334
4 0.383203125 0.2361111111111111 0.01328125 0.05138888888888889