4 0.695703125 0.46597222222222223 0.03828125 0.1375
4 0.678125 0.36944444444444446 0.03125 0.09166666666666666
4 0.7484375 0.4861111111111111 0.040625 0.13333333333333333
4 0.78046875 0.73125 0.0515625 0.20555555555555555
4 0.9375 0.7583333333333333 0.08828125 0.16944444444444445
4 0.2140625 0.54375 0.0453125 0.13472222222222222
4 0.080078125 0.39791666666666664 0.07890625 0.0875
4 0.655859375 0.22569444444444445 0.01328125 0.05138888888888889
4 0.642578125 0.22708333333333333 0.01484375 0.05416666666666667
4 0.53515625 0.2590277777777778 0.0203125 0.06527777777777778
4 0.61640625 0.26805555555555555 0.0203125 0.07222222222222222