7 0.312890625 0.4 0.07890625 0.22777777777777777
7 0.599609375 0.28888888888888886 0.04921875 0.1111111111111111
7 0.653515625 0.20277777777777778 0.07734375 0.08055555555555556
7 0.89921875 0.8701388888888889 0.2 0.2569444444444444
5 0.45625 0.21597222222222223 0.0671875 0.07361111111111111
5 0.565625 0.24722222222222223 0.0328125 0.05
5 0.638671875 0.44166666666666665 0.07265625 0.09444444444444444
5 0.75078125 0.6854166666666667 0.159375 0.21666666666666667
5 0.583203125 0.7097222222222223 0.13828125 0.22083333333333333
5 0.533203125 0.42291666666666666 0.0765625 0.10416666666666667
5 0.51875 0.3347222222222222 0.0421875 0.07777777777777778
5 0.530859375 0.28541666666666665 0.03984375 0.04583333333333333
5 0.65390625 0.2423611111111111 0.0453125 0.05416666666666667