5 0.61953125 0.4986111111111111 0.0921875 0.1638888888888889
4 0.73046875 0.36319444444444443 0.028125 0.08472222222222223
5 0.75 0.8854166666666666 0.178125 0.2263888888888889
5 0.40390625 0.5770833333333333 0.1109375 0.22361111111111112
4 0.083203125 0.3958333333333333 0.07109375 0.08055555555555556
4 0.206640625 0.28888888888888886 0.05390625 0.044444444444444446
5 0.438671875 0.2986111111111111 0.05234375 0.1
5 0.38046875 0.2701388888888889 0.05078125 0.08472222222222223
4 0.51640625 0.2701388888888889 0.040625 0.06805555555555555
4 0.81640625 0.38263888888888886 0.0640625 0.12083333333333333
4 0.141796875 0.6215277777777778 0.04140625 0.17083333333333334
4 0.332421875 0.2520833333333333 0.01640625 0.07361111111111111
4 0.658984375 0.24722222222222223 0.01640625 0.06388888888888888