5 0.6140625 0.4875 0.1140625 0.18194444444444444
4 0.738671875 0.5993055555555555 0.03828125 0.12638888888888888
4 0.733203125 0.38680555555555557 0.03359375 0.09861111111111111
4 0.682421875 0.2847222222222222 0.02734375 0.07222222222222222
4 0.650390625 0.3 0.02578125 0.06666666666666667
4 0.5359375 0.34930555555555554 0.0390625 0.10972222222222222
5 0.43203125 0.3402777777777778 0.059375 0.09861111111111111
4 0.31015625 0.37569444444444444 0.0296875 0.10416666666666667
5 0.237890625 0.6298611111111111 0.14765625 0.32222222222222224
4 0.073046875 0.6340277777777777 0.075 0.12083333333333333
4 0.256640625 0.35555555555555557 0.02421875 0.09722222222222222
4 0.2375 0.42291666666666666 0.04453125 0.10138888888888889
4 0.07734375 0.4076388888888889 0.05625 0.07083333333333333
4 0.204296875 0.28958333333333336 0.0484375 0.05138888888888889
4 0.959375 0.8097222222222222 0.0796875 0.21666666666666667
4 0.675390625 0.40902777777777777 0.0328125 0.09861111111111111
4 0.384375 0.26875 0.0171875 0.08472222222222223
4 0.65 0.3625 0.0203125 0.08194444444444444