5 0.354296875 0.7402777777777778 0.13203125 0.3416666666666667
4 0.876953125 0.6631944444444444 0.06953125 0.18333333333333332
4 0.24765625 0.4791666666666667 0.046875 0.16527777777777777
4 0.301953125 0.5361111111111111 0.04140625 0.12222222222222222
4 0.32421875 0.43194444444444446 0.0328125 0.1361111111111111
4 0.315625 0.3472222222222222 0.0390625 0.09166666666666666
4 0.265625 0.3215277777777778 0.0296875 0.09305555555555556
4 0.0796875 0.39305555555555555 0.06015625 0.08055555555555556
4 0.358203125 0.2638888888888889 0.0234375 0.06388888888888888
4 0.396484375 0.2534722222222222 0.02109375 0.08472222222222223
5 0.44453125 0.24722222222222223 0.05 0.08888888888888889
4 0.49609375 0.24791666666666667 0.0421875 0.06944444444444445
4 0.387890625 0.18194444444444444 0.01953125 0.05416666666666667
4 0.602734375 0.20625 0.021875 0.06805555555555555