5 0.549609375 0.3013888888888889 0.053125 0.10555555555555556
4 0.63359375 0.3472222222222222 0.0296875 0.06666666666666667
4 0.340625 0.3701388888888889 0.03125 0.10138888888888889
4 0.261328125 0.48541666666666666 0.0546875 0.12222222222222222
4 0.39296875 0.30833333333333335 0.02109375 0.08333333333333333
4 0.330078125 0.28541666666666665 0.02421875 0.08194444444444444
4 0.36796875 0.26944444444444443 0.0171875 0.07222222222222222
4 0.3578125 0.24027777777777778 0.0203125 0.06388888888888888
4 0.619140625 0.23541666666666666 0.0171875 0.05138888888888889
4 0.6046875 0.28125 0.0234375 0.059722222222222225
7 0.5484375 0.19375 0.0640625 0.13472222222222222