5 0.631640625 0.7895833333333333 0.15234375 0.29583333333333334
5 0.586328125 0.5125 0.09296875 0.18055555555555555
7 0.568359375 0.35208333333333336 0.08359375 0.15416666666666667
4 0.806640625 0.5215277777777778 0.03984375 0.14583333333333334
5 0.7 0.4513888888888889 0.109375 0.18611111111111112
4 0.711328125 0.3402777777777778 0.03671875 0.10138888888888889
4 0.74765625 0.3576388888888889 0.0203125 0.11527777777777778
5 0.6421875 0.3020833333333333 0.0640625 0.12083333333333333
4 0.675 0.26180555555555557 0.0140625 0.07083333333333333
4 0.641015625 0.24444444444444444 0.02265625 0.05555555555555555
4 0.383984375 0.2625 0.03046875 0.0763888888888889
4 0.07578125 0.40069444444444446 0.059375 0.08055555555555556
4 0.20703125 0.2902777777777778 0.04375 0.059722222222222225