4 0.3421875 0.4152777777777778 0.0609375 0.125
4 0.18828125 0.4527777777777778 0.03125 0.08333333333333333
4 0.07734375 0.4 0.065625 0.08333333333333333
4 0.207421875 0.2881944444444444 0.04765625 0.04027777777777778
4 0.719921875 0.38958333333333334 0.0265625 0.10138888888888889
4 0.71015625 0.3076388888888889 0.0234375 0.05416666666666667
4 0.655078125 0.33194444444444443 0.02421875 0.08055555555555556
4 0.632421875 0.33194444444444443 0.025 0.05555555555555555
4 0.604296875 0.36319444444444443 0.02578125 0.06527777777777778
4 0.663671875 0.3034722222222222 0.01796875 0.0625
4 0.248046875 0.7888888888888889 0.05546875 0.2013888888888889
4 0.349609375 0.23055555555555557 0.02265625 0.058333333333333334
4 0.401953125 0.22152777777777777 0.02109375 0.08055555555555556
4 0.377734375 0.19305555555555556 0.01796875 0.05555555555555555
4 0.57109375 0.25833333333333336 0.01875 0.05694444444444444
5 0.53359375 0.2013888888888889 0.0359375 0.05555555555555555
4 0.630859375 0.2388888888888889 0.0125 0.05
4 0.671484375 0.2548611111111111 0.01796875 0.06527777777777778