7 0.64609375 0.23055555555555557 0.06484375 0.08611111111111111
7 0.71796875 0.2152777777777778 0.0578125 0.06388888888888888
5 0.616015625 0.8368055555555556 0.14765625 0.28194444444444444
5 0.71171875 0.6909722222222222 0.1359375 0.20972222222222223
5 0.651953125 0.4861111111111111 0.0921875 0.14166666666666666
5 0.636328125 0.3902777777777778 0.05703125 0.08055555555555556
5 0.548046875 0.3472222222222222 0.04921875 0.07222222222222222
5 0.540234375 0.44513888888888886 0.06640625 0.10694444444444444
5 0.593359375 0.24305555555555555 0.04453125 0.04722222222222222
5 0.433203125 0.22152777777777777 0.05703125 0.043055555555555555
4 0.696484375 0.29375 0.01953125 0.04583333333333333
4 0.937109375 0.6416666666666667 0.04609375 0.1361111111111111