5 0.65 0.6402777777777777 0.159375 0.24861111111111112
5 0.57265625 0.3888888888888889 0.05625 0.11388888888888889
4 0.651953125 0.3486111111111111 0.0203125 0.08611111111111111
4 0.350390625 0.41944444444444445 0.03203125 0.10277777777777777
4 0.397265625 0.3416666666666667 0.02578125 0.08611111111111111
4 0.31015625 0.4076388888888889 0.0390625 0.1388888888888889
4 0.27265625 0.45069444444444445 0.0359375 0.11666666666666667
4 0.1484375 0.7159722222222222 0.0484375 0.1361111111111111
4 0.036328125 0.7618055555555555 0.06484375 0.15416666666666667
4 0.07734375 0.39791666666666664 0.0515625 0.03888888888888889
4 0.305078125 0.31180555555555556 0.02421875 0.0625
4 0.3703125 0.3159722222222222 0.025 0.08472222222222223
4 0.407421875 0.24583333333333332 0.02265625 0.07777777777777778
4 0.346875 0.23333333333333334 0.01875 0.06111111111111111
4 0.36171875 0.24027777777777778 0.01875 0.05416666666666667
4 0.382421875 0.23819444444444443 0.01640625 0.05277777777777778