5 0.67265625 0.75625 0.153125 0.32083333333333336
4 0.77734375 0.4465277777777778 0.04375 0.12083333333333333
4 0.8734375 0.42291666666666666 0.0765625 0.09305555555555556
5 0.383984375 0.6395833333333333 0.109375 0.2625
5 0.431640625 0.3729166666666667 0.06328125 0.12222222222222222
4 0.28359375 0.38472222222222224 0.03359375 0.10555555555555556
4 0.07421875 0.4131944444444444 0.05546875 0.09027777777777778
4 0.209765625 0.2847222222222222 0.04296875 0.041666666666666664
4 0.5171875 0.2708333333333333 0.046875 0.09166666666666666
4 0.3515625 0.22083333333333333 0.0203125 0.06388888888888888
4 0.37578125 0.2048611111111111 0.015625 0.06111111111111111
4 0.541796875 0.24444444444444444 0.01796875 0.059722222222222225
4 0.659375 0.24444444444444444 0.021875 0.06944444444444445