4 0.077734375 0.39444444444444443 0.06015625 0.075
4 0.756640625 0.5277777777777778 0.053125 0.12222222222222222
4 0.871484375 0.6069444444444444 0.05546875 0.11944444444444445
4 0.7546875 0.3770833333333333 0.0359375 0.0875
4 0.71953125 0.3541666666666667 0.025 0.06944444444444445
4 0.688671875 0.31805555555555554 0.02890625 0.04861111111111111
7 0.583203125 0.34444444444444444 0.121875 0.26805555555555555
5 0.678125 0.4125 0.059375 0.1361111111111111
4 0.41796875 0.30277777777777776 0.025 0.075
4 0.483984375 0.21666666666666667 0.01796875 0.058333333333333334
4 0.4296875 0.2076388888888889 0.0203125 0.05138888888888889
4 0.658984375 0.2986111111111111 0.025 0.07222222222222222