5 0.612890625 0.6243055555555556 0.121875 0.20694444444444443
5 0.587890625 0.2048611111111111 0.05546875 0.10972222222222222
4 0.635546875 0.21805555555555556 0.02109375 0.05
4 0.22421875 0.5916666666666667 0.0484375 0.16666666666666666
4 0.290234375 0.54375 0.03046875 0.10416666666666667
4 0.34375 0.41180555555555554 0.0375 0.10555555555555556
4 0.39453125 0.5166666666666667 0.05 0.19444444444444445
4 0.393359375 0.3597222222222222 0.02578125 0.09166666666666666
4 0.430078125 0.36180555555555555 0.028125 0.09861111111111111
4 0.2984375 0.4013888888888889 0.0390625 0.09583333333333334
4 0.259765625 0.38125 0.02890625 0.09583333333333334
4 0.1328125 0.6652777777777777 0.0828125 0.175
4 0.07890625 0.4111111111111111 0.06484375 0.06666666666666667
4 0.328515625 0.3284722222222222 0.02109375 0.0763888888888889
4 0.360546875 0.2708333333333333 0.02421875 0.075
4 0.38125 0.26458333333333334 0.025 0.05694444444444444
4 0.41015625 0.25833333333333336 0.025 0.075
4 0.2375 0.4701388888888889 0.028125 0.10694444444444444
4 0.3640625 0.19375 0.015625 0.05416666666666667
4 0.384765625 0.19930555555555557 0.01484375 0.05138888888888889