7 0.60546875 0.24305555555555555 0.078125 0.10277777777777777
7 0.525390625 0.29097222222222224 0.0484375 0.12916666666666668
5 0.6875 0.8493055555555555 0.18125 0.2986111111111111
5 0.196875 0.5201388888888889 0.1234375 0.22361111111111112
4 0.1828125 0.34097222222222223 0.028125 0.07916666666666666
4 0.298046875 0.21458333333333332 0.01796875 0.0375
4 0.33359375 0.22152777777777777 0.0265625 0.0375
4 0.391796875 0.2222222222222222 0.03671875 0.019444444444444445
4 0.430859375 0.22708333333333333 0.02890625 0.03333333333333333
4 0.44921875 0.2923611111111111 0.02109375 0.05138888888888889
4 0.7078125 0.3333333333333333 0.01875 0.06666666666666667