4 0.011328125 0.6020833333333333 0.02265625 0.14305555555555555
5 0.58671875 0.6423611111111112 0.10078125 0.19166666666666668
5 0.6265625 0.4201388888888889 0.0671875 0.1125
5 0.526171875 0.3125 0.04609375 0.06388888888888888
5 0.531640625 0.38263888888888886 0.05859375 0.10138888888888889
5 0.596484375 0.34097222222222223 0.04453125 0.06944444444444445
5 0.54296875 0.2722222222222222 0.0484375 0.058333333333333334
5 0.605859375 0.29097222222222224 0.03828125 0.05416666666666667
6 0.72734375 0.6034722222222222 0.165625 0.27361111111111114
6 0.783984375 0.8888888888888888 0.31328125 0.21944444444444444
7 0.636328125 0.21041666666666667 0.11640625 0.08194444444444444