4 0.54453125 0.39375 0.028125 0.09305555555555556
4 0.356640625 0.4361111111111111 0.03203125 0.11666666666666667
4 0.295703125 0.37569444444444444 0.02265625 0.10694444444444444
4 0.156640625 0.50625 0.04296875 0.1125
4 0.12890625 0.6305555555555555 0.0484375 0.125
4 0.250390625 0.6833333333333333 0.04140625 0.175
4 0.081640625 0.4048611111111111 0.06484375 0.07777777777777778
4 0.357421875 0.2708333333333333 0.025 0.06944444444444445
4 0.393359375 0.2652777777777778 0.02421875 0.075
4 0.52109375 0.27708333333333335 0.0421875 0.09861111111111111
4 0.127734375 0.7763888888888889 0.0671875 0.17916666666666667
5 0.453125 0.25972222222222224 0.0390625 0.08194444444444444