4 0.196875 0.7159722222222222 0.0859375 0.22083333333333333
4 0.24140625 0.4826388888888889 0.0453125 0.12638888888888888
4 0.0734375 0.3958333333333333 0.0515625 0.06388888888888888
4 0.21171875 0.2875 0.053125 0.06666666666666667
4 0.326171875 0.25833333333333336 0.02265625 0.08055555555555556
4 0.668359375 0.32430555555555557 0.0265625 0.06805555555555555
4 0.733203125 0.36875 0.03046875 0.08888888888888889
7 0.412890625 0.2722222222222222 0.09765625 0.25
4 0.16171875 0.5618055555555556 0.0515625 0.15
4 0.193359375 0.45694444444444443 0.03046875 0.1
4 0.355078125 0.25763888888888886 0.02109375 0.07083333333333333