4 0.0765625 0.38680555555555557 0.0625 0.06944444444444445
4 0.140625 0.5673611111111111 0.05390625 0.13472222222222222
4 0.215625 0.49583333333333335 0.034375 0.10277777777777777
4 0.24921875 0.3902777777777778 0.0328125 0.09444444444444444
5 0.298828125 0.40902777777777777 0.08984375 0.1486111111111111
5 0.412890625 0.41875 0.08359375 0.16944444444444445
5 0.38203125 0.32083333333333336 0.0640625 0.1111111111111111
4 0.332421875 0.28680555555555554 0.01953125 0.059722222222222225
4 0.346484375 0.25277777777777777 0.0203125 0.05
4 0.6796875 0.25763888888888886 0.01875 0.05138888888888889
5 0.44921875 0.2673611111111111 0.0453125 0.09444444444444444
4 0.348046875 0.2125 0.01328125 0.03333333333333333
4 0.373828125 0.24097222222222223 0.01484375 0.04583333333333333