6 0.576171875 0.38472222222222224 0.11328125 0.25
4 0.86171875 0.7965277777777777 0.078125 0.19305555555555556
4 0.263671875 0.7694444444444445 0.05234375 0.18333333333333332
4 0.153125 0.83125 0.06875 0.17083333333333334
4 0.0765625 0.40208333333333335 0.05 0.0875
4 0.20703125 0.50625 0.0453125 0.1
4 0.3359375 0.46944444444444444 0.034375 0.13055555555555556
4 0.40703125 0.4305555555555556 0.034375 0.12777777777777777
4 0.285546875 0.4263888888888889 0.03671875 0.11388888888888889
4 0.2703125 0.3840277777777778 0.03515625 0.10972222222222222
4 0.207421875 0.4270833333333333 0.03828125 0.11805555555555555
4 0.33125 0.3659722222222222 0.01953125 0.09583333333333334
4 0.30234375 0.31319444444444444 0.0296875 0.075
5 0.44921875 0.2604166666666667 0.0453125 0.0763888888888889
5 0.613671875 0.25069444444444444 0.05703125 0.08055555555555556
5 0.5234375 0.2298611111111111 0.05 0.0763888888888889
4 0.399609375 0.23125 0.01484375 0.059722222222222225
4 0.373046875 0.22291666666666668 0.0296875 0.08194444444444444
4 0.19921875 0.6361111111111111 0.0515625 0.18055555555555555
4 0.147265625 0.6215277777777778 0.0484375 0.19027777777777777
4 0.34921875 0.2743055555555556 0.01796875 0.06944444444444445
4 0.334765625 0.29097222222222224 0.01484375 0.06527777777777778
4 0.321484375 0.25833333333333336 0.01796875 0.06666666666666667
4 0.349609375 0.21944444444444444 0.01640625 0.06111111111111111
4 0.55390625 0.22569444444444445 0.0125 0.05416666666666667
4 0.665625 0.23680555555555555 0.01875 0.0625