4 0.324609375 0.49166666666666664 0.03515625 0.12777777777777777
4 0.27265625 0.45 0.0328125 0.08333333333333333
4 0.30078125 0.3638888888888889 0.03671875 0.08611111111111111
4 0.353125 0.3645833333333333 0.028125 0.06527777777777778
4 0.34765625 0.30486111111111114 0.02109375 0.03888888888888889
4 0.24296875 0.58125 0.05 0.09583333333333334
4 0.20859375 0.7916666666666666 0.08046875 0.17777777777777778
4 0.08515625 0.39652777777777776 0.05234375 0.0763888888888889
4 0.209765625 0.2777777777777778 0.0578125 0.04722222222222222
4 0.8296875 0.6743055555555556 0.0703125 0.1625
4 0.4171875 0.29097222222222224 0.025 0.0875
4 0.380859375 0.24513888888888888 0.0234375 0.07916666666666666
4 0.418359375 0.22291666666666668 0.01640625 0.06111111111111111