4 0.180078125 0.5756944444444444 0.0671875 0.15416666666666667
4 0.20546875 0.4479166666666667 0.0390625 0.09305555555555556
4 0.078125 0.38958333333333334 0.06875 0.09027777777777778
4 0.205078125 0.28541666666666665 0.0390625 0.059722222222222225
4 0.254296875 0.3659722222222222 0.02265625 0.09027777777777778
4 0.317578125 0.375 0.02890625 0.1111111111111111
4 0.3078125 0.3416666666666667 0.034375 0.08472222222222223
4 0.61328125 0.4215277777777778 0.03125 0.09861111111111111
4 0.665625 0.37777777777777777 0.0234375 0.1
4 0.7125 0.32708333333333334 0.0203125 0.07916666666666666
4 0.68515625 0.28541666666666665 0.0359375 0.0875
4 0.557421875 0.3333333333333333 0.025 0.08333333333333333
5 0.43359375 0.2923611111111111 0.04609375 0.08194444444444444
7 0.446875 0.2048611111111111 0.053125 0.09722222222222222
4 0.3953125 0.25763888888888886 0.021875 0.06805555555555555
4 0.354296875 0.2625 0.02109375 0.07222222222222222
4 0.330078125 0.2520833333333333 0.02265625 0.07083333333333333
4 0.37734375 0.22361111111111112 0.015625 0.058333333333333334
4 0.354296875 0.19236111111111112 0.0140625 0.044444444444444446