5 0.719921875 0.6430555555555556 0.12734375 0.2
5 0.63515625 0.45 0.071875 0.11666666666666667
5 0.566796875 0.6027777777777777 0.10859375 0.23333333333333334
5 0.54375 0.4222222222222222 0.0625 0.08888888888888889
5 0.70546875 0.23819444444444443 0.0421875 0.05138888888888889
5 0.61171875 0.32083333333333336 0.0421875 0.06666666666666667
5 0.33046875 0.21180555555555555 0.046875 0.04861111111111111
5 0.575 0.3527777777777778 0.05 0.07222222222222222
5 0.53203125 0.29583333333333334 0.04921875 0.06666666666666667
5 0.5328125 0.35 0.05 0.07222222222222222
6 0.594921875 0.22708333333333333 0.13828125 0.09305555555555556