5 0.582421875 0.4131944444444444 0.0734375 0.11527777777777778
5 0.394140625 0.49375 0.10859375 0.21805555555555556
4 0.11015625 0.6944444444444444 0.0796875 0.19166666666666668
4 0.287890625 0.46944444444444444 0.05078125 0.09722222222222222
4 0.3375 0.38263888888888886 0.040625 0.07361111111111111
4 0.2859375 0.3472222222222222 0.021875 0.08055555555555556
4 0.23828125 0.36944444444444446 0.0234375 0.075
4 0.0765625 0.3993055555555556 0.0578125 0.08611111111111111
4 0.305078125 0.30694444444444446 0.02421875 0.05277777777777778
4 0.3515625 0.28958333333333336 0.0171875 0.05138888888888889
5 0.41328125 0.325 0.0515625 0.08611111111111111
5 0.45546875 0.24444444444444444 0.0390625 0.06666666666666667
4 0.225390625 0.43194444444444446 0.02265625 0.0875
4 0.32421875 0.3076388888888889 0.0171875 0.06666666666666667
4 0.364453125 0.2423611111111111 0.01796875 0.05416666666666667
4 0.384765625 0.21944444444444444 0.0140625 0.05138888888888889
4 0.334765625 0.2534722222222222 0.02109375 0.059722222222222225