7 0.28828125 0.81875 0.2296875 0.3597222222222222
4 0.280078125 0.45416666666666666 0.03203125 0.1361111111111111
4 0.236328125 0.45208333333333334 0.04140625 0.1125
4 0.321875 0.3458333333333333 0.0203125 0.0763888888888889
4 0.385546875 0.3590277777777778 0.02578125 0.09583333333333334
4 0.10859375 0.6006944444444444 0.084375 0.13055555555555556
4 0.076953125 0.39791666666666664 0.05703125 0.0763888888888889
7 0.54921875 0.20208333333333334 0.0484375 0.11388888888888889
4 0.66015625 0.225 0.0296875 0.06111111111111111
4 0.601171875 0.24513888888888888 0.02109375 0.07361111111111111
4 0.209765625 0.5708333333333333 0.02578125 0.13333333333333333
4 0.398828125 0.19444444444444445 0.01328125 0.06111111111111111
4 0.4171875 0.19583333333333333 0.0125 0.05277777777777778