7 0.686328125 0.5083333333333333 0.13671875 0.2625
5 0.566796875 0.5909722222222222 0.10546875 0.1763888888888889
5 0.86875 0.9 0.24375 0.19722222222222222
5 0.52421875 0.37569444444444444 0.0421875 0.07777777777777778
5 0.60390625 0.34097222222222223 0.05625 0.06527777777777778
5 0.599609375 0.29583333333333334 0.03671875 0.05277777777777778
5 0.526171875 0.2986111111111111 0.04140625 0.06388888888888888
5 0.53984375 0.2673611111111111 0.03828125 0.05694444444444444
5 0.5859375 0.2465277777777778 0.034375 0.03194444444444444
5 0.405078125 0.22361111111111112 0.05390625 0.03611111111111111
4 0.157421875 0.25555555555555554 0.01640625 0.05277777777777778
4 0.69140625 0.30069444444444443 0.0125 0.04861111111111111