4 0.76484375 0.5847222222222223 0.0359375 0.11805555555555555
4 0.732421875 0.3506944444444444 0.03203125 0.07361111111111111
4 0.18125 0.44166666666666665 0.04375 0.10694444444444444
4 0.29375 0.3923611111111111 0.0328125 0.09027777777777778
4 0.347265625 0.41875 0.02578125 0.10694444444444444
4 0.35078125 0.3013888888888889 0.01875 0.07361111111111111
4 0.393359375 0.31666666666666665 0.02578125 0.08333333333333333
4 0.312109375 0.3055555555555556 0.02578125 0.06944444444444445
4 0.37421875 0.28055555555555556 0.0171875 0.05555555555555555
4 0.144140625 0.6604166666666667 0.06328125 0.18472222222222223
4 0.4171875 0.24791666666666667 0.015625 0.0625
4 0.571875 0.2673611111111111 0.021875 0.06527777777777778
5 0.528515625 0.24861111111111112 0.03828125 0.06111111111111111
7 0.54296875 0.15902777777777777 0.0484375 0.10416666666666667
4 0.109765625 0.8708333333333333 0.12109375 0.25555555555555554
4 0.3375 0.26805555555555555 0.015625 0.059722222222222225
4 0.46015625 0.22361111111111112 0.015625 0.05277777777777778
4 0.354296875 0.2388888888888889 0.01171875 0.041666666666666664