4 0.7703125 0.4618055555555556 0.040625 0.13472222222222222
4 0.86015625 0.6159722222222223 0.0578125 0.15138888888888888
4 0.655078125 0.3472222222222222 0.02734375 0.10555555555555556
4 0.3359375 0.5173611111111112 0.0359375 0.11527777777777778
4 0.2828125 0.5395833333333333 0.034375 0.12083333333333333
4 0.18515625 0.5770833333333333 0.053125 0.15138888888888888
4 0.117578125 0.7423611111111111 0.05625 0.19583333333333333
4 0.05546875 0.7194444444444444 0.0609375 0.16666666666666666
4 0.232421875 0.42777777777777776 0.05546875 0.09444444444444444
4 0.146875 0.5090277777777777 0.034375 0.08472222222222223
4 0.2859375 0.3840277777777778 0.0359375 0.09444444444444444
4 0.325390625 0.4111111111111111 0.040625 0.08888888888888889
4 0.35 0.3284722222222222 0.025 0.07916666666666666
4 0.40078125 0.30277777777777776 0.025 0.075
4 0.29453125 0.29791666666666666 0.03125 0.06805555555555555
4 0.084375 0.41597222222222224 0.0734375 0.07361111111111111
5 0.347265625 0.76875 0.1328125 0.44305555555555554
6 0.556640625 0.27569444444444446 0.07578125 0.19305555555555556
4 0.345703125 0.27152777777777776 0.01953125 0.05694444444444444
5 0.846484375 0.7868055555555555 0.20078125 0.30416666666666664