4 0.74140625 0.41597222222222224 0.0375 0.08888888888888889
4 0.491015625 0.25 0.03515625 0.07222222222222222
5 0.423828125 0.3104166666666667 0.05859375 0.11527777777777778
4 0.206640625 0.5708333333333333 0.04609375 0.1486111111111111
4 0.300390625 0.35138888888888886 0.025 0.08888888888888889
4 0.368359375 0.35694444444444445 0.02890625 0.10277777777777777
4 0.0796875 0.3972222222222222 0.053125 0.0763888888888889
4 0.186328125 0.7944444444444444 0.0703125 0.2611111111111111
4 0.3796875 0.2659722222222222 0.025 0.08611111111111111
4 0.366796875 0.20972222222222223 0.01484375 0.06944444444444445
4 0.3828125 0.20833333333333334 0.015625 0.06111111111111111
4 0.41171875 0.21666666666666667 0.021875 0.07222222222222222
4 0.9125 0.8138888888888889 0.0734375 0.19444444444444445