4 0.073828125 0.3958333333333333 0.07109375 0.08611111111111111
4 0.201953125 0.28888888888888886 0.04765625 0.06388888888888888
5 0.365625 0.5847222222222223 0.109375 0.23333333333333334
4 0.30546875 0.3875 0.040625 0.07777777777777778
4 0.370703125 0.31180555555555556 0.02421875 0.0763888888888889
4 0.305078125 0.31527777777777777 0.02578125 0.07222222222222222
4 0.67734375 0.2798611111111111 0.02109375 0.07222222222222222
4 0.519921875 0.2701388888888889 0.04296875 0.07361111111111111
5 0.44765625 0.25625 0.0421875 0.08333333333333333
4 0.1328125 0.5402777777777777 0.06875 0.14444444444444443
4 0.15625 0.7493055555555556 0.0828125 0.15138888888888888
4 0.91328125 0.44027777777777777 0.059375 0.06944444444444445
4 0.357421875 0.2548611111111111 0.01640625 0.058333333333333334
4 0.39296875 0.25972222222222224 0.0203125 0.075
4 0.373828125 0.21180555555555555 0.01796875 0.0625
4 0.6609375 0.24305555555555555 0.0140625 0.058333333333333334