4 0.122265625 0.5076388888888889 0.059375 0.14583333333333334
4 0.272265625 0.49930555555555556 0.0484375 0.1625
4 0.819921875 0.4618055555555556 0.04609375 0.10416666666666667
4 0.69140625 0.29097222222222224 0.0375 0.09166666666666666
4 0.31171875 0.31180555555555556 0.028125 0.08472222222222223
4 0.338671875 0.3861111111111111 0.0421875 0.12361111111111112
4 0.353515625 0.27847222222222223 0.02578125 0.07916666666666666
4 0.382421875 0.2951388888888889 0.02890625 0.09027777777777778
4 0.4109375 0.3013888888888889 0.01875 0.08333333333333333
4 0.356640625 0.20833333333333334 0.02578125 0.06666666666666667
4 0.393359375 0.21666666666666667 0.0265625 0.06111111111111111
6 0.6359375 0.40625 0.1484375 0.3013888888888889
5 0.528125 0.2375 0.04453125 0.075
4 0.571484375 0.2388888888888889 0.02734375 0.06388888888888888
4 0.080078125 0.3923611111111111 0.06328125 0.07361111111111111
4 0.2078125 0.2798611111111111 0.0546875 0.05694444444444444
4 0.253515625 0.4215277777777778 0.03125 0.10416666666666667