5 0.526171875 0.4236111111111111 0.06875 0.11388888888888889
5 0.56015625 0.6895833333333333 0.128125 0.25972222222222224
5 0.687109375 0.5569444444444445 0.11796875 0.18194444444444444
5 0.61328125 0.36944444444444446 0.059375 0.08472222222222223
5 0.310546875 0.5638888888888889 0.08828125 0.18611111111111112
5 0.116015625 0.50625 0.13984375 0.21666666666666667
5 0.528515625 0.2986111111111111 0.0421875 0.06388888888888888
4 0.194140625 0.32708333333333334 0.021875 0.07083333333333333
4 0.158203125 0.33194444444444443 0.0203125 0.06666666666666667
4 0.738671875 0.36666666666666664 0.01953125 0.058333333333333334
4 0.9703125 0.625 0.0515625 0.11944444444444445
4 0.6921875 0.29444444444444445 0.0125 0.03888888888888889
6 0.616796875 0.25625 0.05234375 0.09861111111111111