4 0.261328125 0.45625 0.05078125 0.11666666666666667
4 0.09140625 0.7131944444444445 0.0609375 0.16666666666666666
4 0.076171875 0.4013888888888889 0.06796875 0.06111111111111111
5 0.553515625 0.3680555555555556 0.05859375 0.1
4 0.6734375 0.42291666666666666 0.040625 0.10694444444444444
4 0.7046875 0.3701388888888889 0.040625 0.09305555555555556
4 0.843359375 0.6034722222222222 0.04609375 0.15138888888888888
4 0.393359375 0.3215277777777778 0.02421875 0.09027777777777778
4 0.359375 0.30833333333333335 0.021875 0.08888888888888889
5 0.440234375 0.3111111111111111 0.059375 0.10972222222222222
4 0.3828125 0.22013888888888888 0.0203125 0.075