5 0.7265625 0.5263888888888889 0.15 0.2263888888888889
4 0.6859375 0.2701388888888889 0.021875 0.06944444444444445
4 0.54296875 0.26944444444444443 0.01875 0.08333333333333333
4 0.38671875 0.36180555555555555 0.0296875 0.1125
4 0.309375 0.42777777777777776 0.02890625 0.12777777777777777
4 0.291015625 0.36319444444444443 0.03046875 0.09583333333333334
4 0.35078125 0.28541666666666665 0.0234375 0.09027777777777778
4 0.1953125 0.45555555555555555 0.0390625 0.12361111111111112
4 0.123046875 0.7993055555555556 0.09453125 0.2569444444444444
4 0.0828125 0.4 0.0703125 0.06388888888888888
4 0.423046875 0.24513888888888888 0.02109375 0.06805555555555555
4 0.366015625 0.2222222222222222 0.01796875 0.058333333333333334