5 0.880859375 0.8229166666666666 0.23671875 0.35138888888888886
4 0.750390625 0.36527777777777776 0.04453125 0.09722222222222222
4 0.689453125 0.3111111111111111 0.02890625 0.08888888888888889
4 0.652734375 0.2826388888888889 0.028125 0.08194444444444444
7 0.57421875 0.3715277777777778 0.075 0.1875
5 0.534765625 0.29930555555555555 0.04296875 0.08472222222222223
4 0.080859375 0.4027777777777778 0.06328125 0.06944444444444445
4 0.209765625 0.3013888888888889 0.04765625 0.05555555555555555
4 0.155859375 0.6180555555555556 0.0765625 0.15416666666666667
4 0.36796875 0.33194444444444443 0.0359375 0.08611111111111111
4 0.540625 0.22430555555555556 0.01875 0.05416666666666667