4 0.684765625 0.4131944444444444 0.0484375 0.12083333333333333
4 0.910546875 0.7131944444444445 0.071875 0.17916666666666667
5 0.413671875 0.4444444444444444 0.07109375 0.17777777777777778
6 0.5671875 0.31180555555555556 0.0875 0.1986111111111111
4 0.23671875 0.4875 0.046875 0.1388888888888889
4 0.194140625 0.4965277777777778 0.03046875 0.09444444444444444
4 0.084375 0.4173611111111111 0.06015625 0.08333333333333333
4 0.35234375 0.37569444444444444 0.040625 0.09305555555555556
4 0.325 0.30833333333333335 0.0265625 0.07083333333333333
4 0.29140625 0.3215277777777778 0.0296875 0.09305555555555556
4 0.240625 0.3819444444444444 0.0171875 0.075
4 0.2625 0.4222222222222222 0.03125 0.09722222222222222
4 0.362109375 0.28958333333333336 0.02578125 0.07083333333333333
4 0.39140625 0.33611111111111114 0.0359375 0.08472222222222223
4 0.162890625 0.7944444444444444 0.08203125 0.1875
4 0.058984375 0.7618055555555555 0.065625 0.15694444444444444
4 0.41875 0.2388888888888889 0.02265625 0.06666666666666667
4 0.371484375 0.23125 0.01328125 0.05138888888888889
4 0.377734375 0.19652777777777777 0.0140625 0.059722222222222225