6 0.66640625 0.29930555555555555 0.115625 0.2013888888888889
4 0.522265625 0.2791666666666667 0.0265625 0.1111111111111111
4 0.23671875 0.39791666666666664 0.046875 0.0875
4 0.31484375 0.3659722222222222 0.03359375 0.10416666666666667
4 0.365625 0.3194444444444444 0.0328125 0.09166666666666666
4 0.41015625 0.33125 0.0328125 0.1125
4 0.084375 0.41458333333333336 0.0578125 0.1125
4 0.097265625 0.6777777777777778 0.06015625 0.17777777777777778
6 0.237109375 0.7486111111111111 0.20859375 0.5
4 0.315625 0.3034722222222222 0.0203125 0.07222222222222222
4 0.33046875 0.2611111111111111 0.015625 0.0625
4 0.353125 0.22847222222222222 0.015625 0.058333333333333334
4 0.36953125 0.24791666666666667 0.015625 0.058333333333333334
4 0.40078125 0.25833333333333336 0.01171875 0.05555555555555555