4 0.415625 0.3145833333333333 0.0296875 0.06388888888888888
5 0.64375 0.8097222222222222 0.1890625 0.3277777777777778
5 0.673046875 0.5326388888888889 0.109375 0.16527777777777777
5 0.7984375 0.7951388888888888 0.2046875 0.31666666666666665
5 0.605859375 0.3638888888888889 0.06015625 0.10138888888888889
5 0.562890625 0.48055555555555557 0.07109375 0.13055555555555556
5 0.519140625 0.3402777777777778 0.05703125 0.08888888888888889
5 0.59765625 0.3111111111111111 0.04375 0.05
6 0.72890625 0.21180555555555555 0.06171875 0.08333333333333333
6 0.614453125 0.2125 0.08203125 0.0763888888888889
7 0.634375 0.2513888888888889 0.065625 0.08611111111111111