4 0.261328125 0.45625 0.04765625 0.1125
4 0.09140625 0.7131944444444445 0.06171875 0.16805555555555557
4 0.076171875 0.4013888888888889 0.06796875 0.058333333333333334
5 0.553515625 0.3680555555555556 0.05703125 0.09722222222222222
4 0.6734375 0.42291666666666666 0.0390625 0.10416666666666667
4 0.7046875 0.3701388888888889 0.040625 0.09305555555555556
4 0.843359375 0.6034722222222222 0.03984375 0.1486111111111111
4 0.393359375 0.3215277777777778 0.02734375 0.09305555555555556
4 0.359375 0.30833333333333335 0.0203125 0.08611111111111111
5 0.440234375 0.3111111111111111 0.0609375 0.1125
4 0.3828125 0.22013888888888888 0.021875 0.0763888888888889