5 0.390234375 0.5736111111111111 0.096875 0.20277777777777778
5 0.761328125 0.6180555555555556 0.140625 0.20277777777777778
4 0.765234375 0.45416666666666666 0.02890625 0.10277777777777777
4 0.728515625 0.36319444444444443 0.03203125 0.0875
4 0.60078125 0.3284722222222222 0.021875 0.06805555555555555
5 0.581640625 0.2986111111111111 0.0515625 0.075
5 0.609375 0.24583333333333332 0.04765625 0.06388888888888888
4 0.06796875 0.3958333333333333 0.05625 0.075
4 0.312890625 0.4152777777777778 0.02578125 0.08194444444444444
4 0.290234375 0.3958333333333333 0.02421875 0.08333333333333333
4 0.338671875 0.2902777777777778 0.01953125 0.06944444444444445
4 0.29609375 0.31875 0.0203125 0.058333333333333334
4 0.951171875 0.8597222222222223 0.09609375 0.2777777777777778
4 0.378515625 0.26180555555555557 0.015625 0.06527777777777778
4 0.416015625 0.2569444444444444 0.01796875 0.059722222222222225
4 0.341796875 0.23958333333333334 0.01640625 0.03611111111111111
4 0.369140625 0.24513888888888888 0.015625 0.05138888888888889
4 0.54140625 0.23680555555555555 0.0203125 0.07083333333333333
4 0.521875 0.23472222222222222 0.015625 0.05