5 0.60078125 0.6048611111111111 0.109375 0.23055555555555557
4 0.702734375 0.4340277777777778 0.0875 0.12083333333333333
7 0.569140625 0.35347222222222224 0.08046875 0.15416666666666667
4 0.6546875 0.2798611111111111 0.0125 0.059722222222222225
4 0.683984375 0.30625 0.0265625 0.0875
4 0.31953125 0.3506944444444444 0.0265625 0.09861111111111111
5 0.42890625 0.26875 0.046875 0.08888888888888889
4 0.08359375 0.4083333333333333 0.06875 0.075
4 0.2078125 0.28541666666666665 0.02734375 0.03194444444444444
5 0.91015625 0.9083333333333333 0.175 0.1638888888888889
4 0.743359375 0.34444444444444444 0.02890625 0.09444444444444444
4 0.7109375 0.3458333333333333 0.028125 0.058333333333333334