4 0.375 0.3638888888888889 0.0203125 0.07777777777777778
5 0.839453125 0.8534722222222222 0.2234375 0.28888888888888886
5 0.540234375 0.46458333333333335 0.08046875 0.14722222222222223
5 0.6375 0.75625 0.15703125 0.2875
5 0.6125 0.38263888888888886 0.0625 0.0875
5 0.66796875 0.49236111111111114 0.103125 0.14722222222222223
5 0.533984375 0.35208333333333336 0.05390625 0.0875
6 0.672265625 0.22847222222222222 0.084375 0.09444444444444444
6 0.56328125 0.24444444444444444 0.08359375 0.10555555555555556
7 0.6109375 0.2972222222222222 0.0640625 0.09166666666666666
4 0.24296875 0.5951388888888889 0.053125 0.15