5 0.59375 0.5465277777777777 0.1109375 0.1763888888888889
5 0.830078125 0.7270833333333333 0.1765625 0.32083333333333336
5 0.630859375 0.8520833333333333 0.15546875 0.29305555555555557
7 0.56875 0.3597222222222222 0.084375 0.17083333333333334
5 0.68046875 0.4 0.0984375 0.14166666666666666
4 0.636328125 0.275 0.02109375 0.08888888888888889
4 0.654296875 0.27361111111111114 0.01796875 0.05555555555555555
4 0.68515625 0.3034722222222222 0.0234375 0.0763888888888889
4 0.746875 0.35208333333333336 0.0515625 0.09861111111111111
5 0.413671875 0.3951388888888889 0.05703125 0.13333333333333333
4 0.155078125 0.575 0.04921875 0.14583333333333334
4 0.08359375 0.41180555555555554 0.05625 0.059722222222222225
4 0.2140625 0.28402777777777777 0.05625 0.05138888888888889
4 0.36640625 0.24305555555555555 0.0171875 0.06111111111111111