4 0.148828125 0.6541666666666667 0.03828125 0.15833333333333333
4 0.31015625 0.43680555555555556 0.040625 0.13194444444444445
4 0.23984375 0.41805555555555557 0.04375 0.09444444444444444
4 0.375 0.29583333333333334 0.015625 0.06111111111111111
4 0.656640625 0.4013888888888889 0.04921875 0.13333333333333333
4 0.082421875 0.39375 0.07421875 0.08472222222222223
4 0.208203125 0.2833333333333333 0.04609375 0.05277777777777778
4 0.600390625 0.23125 0.01875 0.06527777777777778
4 0.633984375 0.25625 0.02578125 0.0763888888888889
4 0.712109375 0.3194444444444444 0.02734375 0.08888888888888889
4 0.391015625 0.24513888888888888 0.03515625 0.06527777777777778
4 0.1578125 0.5388888888888889 0.0453125 0.14166666666666666