4 0.131640625 0.6125 0.06171875 0.18055555555555555
4 0.247265625 0.4583333333333333 0.0484375 0.12916666666666668
4 0.304296875 0.35694444444444445 0.0421875 0.125
4 0.346875 0.30486111111111114 0.03125 0.09305555555555556
4 0.36328125 0.2569444444444444 0.0203125 0.075
4 0.380859375 0.27847222222222223 0.02578125 0.07916666666666666
4 0.77265625 0.39375 0.034375 0.09444444444444444
4 0.858203125 0.5868055555555556 0.05703125 0.18472222222222223
4 0.689453125 0.2763888888888889 0.02890625 0.07777777777777778
6 0.594140625 0.3 0.1109375 0.21666666666666667
5 0.441796875 0.25833333333333336 0.04453125 0.08888888888888889
5 0.52265625 0.21458333333333332 0.040625 0.06527777777777778
4 0.214453125 0.39375 0.04765625 0.10972222222222222
4 0.07890625 0.3993055555555556 0.0734375 0.09583333333333334
4 0.20859375 0.2826388888888889 0.0484375 0.05694444444444444
4 0.267578125 0.6951388888888889 0.06328125 0.2111111111111111
4 0.236328125 0.5881944444444445 0.04453125 0.12916666666666668
4 0.325390625 0.26805555555555555 0.01953125 0.0875
4 0.387109375 0.18888888888888888 0.0140625 0.06388888888888888
4 0.36171875 0.18263888888888888 0.0140625 0.05138888888888889
4 0.4015625 0.19375 0.0140625 0.05555555555555555