4 0.10546875 0.4340277777777778 0.0328125 0.10694444444444444
5 0.62734375 0.8222222222222222 0.16875 0.3277777777777778
5 0.73828125 0.7020833333333333 0.159375 0.2263888888888889
5 0.536328125 0.5041666666666667 0.07421875 0.1388888888888889
5 0.517578125 0.35208333333333336 0.05234375 0.08055555555555556
5 0.62578125 0.4465277777777778 0.071875 0.10972222222222222
5 0.532421875 0.28125 0.03984375 0.05694444444444444
5 0.6109375 0.27152777777777776 0.0375 0.05138888888888889
5 0.598046875 0.32013888888888886 0.04609375 0.07083333333333333
5 0.705859375 0.2375 0.03203125 0.041666666666666664
7 0.54140625 0.2013888888888889 0.109375 0.08055555555555556
4 0.363671875 0.6340277777777777 0.05078125 0.15138888888888888