4 0.38515625 0.34444444444444444 0.0390625 0.09444444444444444
4 0.3203125 0.42083333333333334 0.034375 0.10833333333333334
4 0.261328125 0.5451388888888888 0.02734375 0.13194444444444445
4 0.212890625 0.48819444444444443 0.0578125 0.11527777777777778
4 0.18359375 0.7152777777777778 0.0421875 0.14305555555555555
4 0.080859375 0.4027777777777778 0.05 0.05555555555555555
4 0.7140625 0.3416666666666667 0.02890625 0.08055555555555556
4 0.68671875 0.2847222222222222 0.02109375 0.08055555555555556
6 0.53984375 0.20972222222222223 0.0703125 0.1388888888888889
4 0.63046875 0.21388888888888888 0.015625 0.05138888888888889
4 0.655859375 0.2298611111111111 0.0140625 0.05416666666666667
4 0.6171875 0.19375 0.025 0.05277777777777778
4 0.351953125 0.24444444444444444 0.02109375 0.08472222222222223
4 0.391796875 0.24722222222222223 0.02421875 0.07777777777777778
4 0.3125 0.3506944444444444 0.01875 0.07083333333333333
4 0.635546875 0.2986111111111111 0.02109375 0.07083333333333333