4 0.718359375 0.4548611111111111 0.04140625 0.12361111111111112
4 0.823828125 0.5736111111111111 0.05390625 0.1638888888888889
5 0.551953125 0.24513888888888888 0.04140625 0.08194444444444444
5 0.216015625 0.6854166666666667 0.16015625 0.25555555555555554
5 0.396484375 0.5944444444444444 0.12265625 0.2861111111111111
5 0.369921875 0.3909722222222222 0.06484375 0.10972222222222222
4 0.075390625 0.38819444444444445 0.05703125 0.06805555555555555
4 0.10703125 0.6263888888888889 0.0546875 0.14722222222222223
4 0.201953125 0.50625 0.03515625 0.11527777777777778
4 0.273046875 0.4625 0.03515625 0.10277777777777777
4 0.237890625 0.3736111111111111 0.0234375 0.06666666666666667
4 0.289453125 0.34305555555555556 0.02109375 0.08055555555555556
4 0.308984375 0.3645833333333333 0.025 0.09027777777777778
4 0.345703125 0.31527777777777777 0.02109375 0.075
4 0.371484375 0.30694444444444446 0.02265625 0.06111111111111111
4 0.303125 0.2965277777777778 0.01796875 0.04583333333333333
4 0.201171875 0.4326388888888889 0.02890625 0.07361111111111111
4 0.3203125 0.2777777777777778 0.01875 0.05555555555555555