6 0.835546875 0.5888888888888889 0.28046875 0.5013888888888889
5 0.59453125 0.2423611111111111 0.046875 0.07361111111111111
4 0.669921875 0.2625 0.02421875 0.08333333333333333
4 0.284765625 0.4097222222222222 0.03671875 0.07777777777777778
4 0.248828125 0.3423611111111111 0.03515625 0.07916666666666666
4 0.108203125 0.35208333333333336 0.04296875 0.10416666666666667
4 0.123046875 0.6930555555555555 0.04609375 0.14305555555555555
4 0.21640625 0.5472222222222223 0.06171875 0.15
4 0.338671875 0.4111111111111111 0.03984375 0.09722222222222222
4 0.31328125 0.34444444444444444 0.0328125 0.09444444444444444
6 0.39296875 0.375 0.08359375 0.19722222222222222
6 0.2796875 0.7381944444444445 0.3265625 0.5208333333333334
4 0.33359375 0.2701388888888889 0.0265625 0.08472222222222223
4 0.541796875 0.3958333333333333 0.0328125 0.12777777777777777
4 0.35703125 0.27708333333333335 0.0171875 0.06527777777777778
4 0.366796875 0.18472222222222223 0.01171875 0.04722222222222222
4 0.369140625 0.2375 0.01953125 0.06666666666666667