4 0.184375 0.4486111111111111 0.028125 0.10833333333333334
4 0.0890625 0.475 0.04453125 0.14166666666666666
5 0.634375 0.5180555555555556 0.08125 0.14305555555555555
5 0.75859375 0.7 0.140625 0.2125
5 0.571484375 0.6402777777777777 0.11171875 0.21944444444444444
5 0.609765625 0.3659722222222222 0.06171875 0.09861111111111111
5 0.597265625 0.30694444444444446 0.04140625 0.059722222222222225
5 0.66796875 0.23819444444444443 0.0375 0.04722222222222222
6 0.885546875 0.8958333333333334 0.22734375 0.20555555555555555
6 0.634375 0.25555555555555554 0.0546875 0.06666666666666667
7 0.559375 0.21180555555555555 0.090625 0.12083333333333333