4 0.14140625 0.40694444444444444 0.0328125 0.10833333333333334
5 0.532421875 0.325 0.04296875 0.06805555555555555
5 0.613671875 0.3638888888888889 0.05546875 0.09444444444444444
5 0.6734375 0.25069444444444444 0.040625 0.04583333333333333
5 0.707421875 0.21597222222222223 0.03671875 0.044444444444444446
6 0.76875 0.6576388888888889 0.2734375 0.5111111111111111
6 0.61171875 0.29305555555555557 0.05546875 0.08611111111111111
7 0.548046875 0.24513888888888888 0.05625 0.08472222222222223
7 0.619921875 0.21180555555555555 0.08125 0.09444444444444444
7 0.64296875 0.24027777777777778 0.040625 0.07777777777777778
5 0.31171875 0.27291666666666664 0.05 0.07361111111111111
5 0.175390625 0.5868055555555556 0.13671875 0.225