4 0.08125 0.39861111111111114 0.05625 0.06944444444444445
4 0.2125 0.2965277777777778 0.05703125 0.059722222222222225
5 0.587109375 0.5270833333333333 0.103125 0.19722222222222222
5 0.623828125 0.7902777777777777 0.15546875 0.2916666666666667
5 0.717578125 0.4798611111111111 0.1234375 0.18333333333333332
4 0.7453125 0.34375 0.0234375 0.1125
5 0.646875 0.32569444444444445 0.0625 0.10694444444444444
7 0.566015625 0.3638888888888889 0.07890625 0.14444444444444443
4 0.65703125 0.2743055555555556 0.0265625 0.06805555555555555
4 0.56484375 0.24722222222222223 0.0359375 0.058333333333333334
4 0.684375 0.29583333333333334 0.021875 0.08055555555555556
4 0.804296875 0.46319444444444446 0.03984375 0.09583333333333334