5 0.430078125 0.3798611111111111 0.06953125 0.12638888888888888
5 0.337890625 0.8291666666666667 0.15234375 0.33194444444444443
4 0.790234375 0.46111111111111114 0.03046875 0.11666666666666667
4 0.89609375 0.6826388888888889 0.0484375 0.14305555555555555
4 0.65390625 0.38958333333333334 0.03046875 0.10972222222222222
5 0.598828125 0.36041666666666666 0.06171875 0.1
5 0.618359375 0.27847222222222223 0.04765625 0.07361111111111111
4 0.07421875 0.39375 0.06875 0.09305555555555556
4 0.376171875 0.31319444444444444 0.03671875 0.09583333333333334
4 0.35546875 0.2881944444444444 0.0234375 0.075
4 0.66015625 0.8708333333333333 0.0640625 0.22777777777777777
4 0.5296875 0.25972222222222224 0.01875 0.06944444444444445
4 0.5578125 0.25069444444444444 0.01875 0.0625
6 0.5390625 0.19305555555555556 0.05625 0.10416666666666667
4 0.399609375 0.22152777777777777 0.01640625 0.058333333333333334
4 0.374609375 0.24027777777777778 0.015625 0.04722222222222222
4 0.3421875 0.25 0.015625 0.06805555555555555