4 0.687109375 0.4131944444444444 0.04296875 0.12083333333333333
5 0.56328125 0.21736111111111112 0.05 0.06944444444444445
4 0.404296875 0.33541666666666664 0.03671875 0.0763888888888889
4 0.368359375 0.34791666666666665 0.02890625 0.09861111111111111
4 0.351953125 0.3173611111111111 0.0203125 0.07083333333333333
4 0.27109375 0.8229166666666666 0.0625 0.21666666666666667
4 0.175390625 0.8513888888888889 0.07265625 0.20277777777777778
4 0.178515625 0.4701388888888889 0.0484375 0.08333333333333333
4 0.28515625 0.5 0.0484375 0.1111111111111111
4 0.260546875 0.44930555555555557 0.03984375 0.12083333333333333
4 0.317578125 0.3215277777777778 0.0296875 0.08472222222222223
4 0.07734375 0.39652777777777776 0.071875 0.08055555555555556
4 0.17578125 0.6743055555555556 0.0609375 0.10138888888888889
4 0.169921875 0.5666666666666667 0.04140625 0.08055555555555556
4 0.40859375 0.41944444444444445 0.0359375 0.09444444444444444
5 0.457421875 0.2923611111111111 0.04765625 0.09305555555555556
4 0.41171875 0.2604166666666667 0.028125 0.0625
4 0.387890625 0.20069444444444445 0.02578125 0.06944444444444445
4 0.515234375 0.2604166666666667 0.01953125 0.06944444444444445
4 0.259375 0.3576388888888889 0.0265625 0.0763888888888889