4 0.184375 0.4486111111111111 0.0265625 0.10555555555555556
4 0.0890625 0.475 0.0421875 0.1388888888888889
5 0.634375 0.5180555555555556 0.07578125 0.1361111111111111
5 0.75859375 0.7 0.14296875 0.21805555555555556
5 0.571484375 0.6402777777777777 0.11875 0.23055555555555557
5 0.609765625 0.3659722222222222 0.0578125 0.09166666666666666
5 0.597265625 0.30694444444444446 0.04140625 0.06111111111111111
5 0.66796875 0.23819444444444443 0.0390625 0.05
6 0.88515625 0.8944444444444445 0.228125 0.20833333333333334
6 0.634375 0.25555555555555554 0.05390625 0.06527777777777778
7 0.559375 0.21180555555555555 0.09140625 0.12361111111111112