4 0.1828125 0.6097222222222223 0.0640625 0.1638888888888889
5 0.618359375 0.8319444444444445 0.20078125 0.3333333333333333
5 0.7515625 0.5458333333333333 0.14375 0.18611111111111112
4 0.864453125 0.5888888888888889 0.05546875 0.1638888888888889
7 0.563671875 0.35138888888888886 0.06953125 0.16944444444444445
4 0.69609375 0.3104166666666667 0.0484375 0.10416666666666667
4 0.74765625 0.3402777777777778 0.0328125 0.10138888888888889
4 0.65390625 0.28402777777777777 0.0203125 0.05555555555555555
5 0.528125 0.3055555555555556 0.0328125 0.07777777777777778
4 0.074609375 0.3993055555555556 0.06796875 0.05694444444444444
4 0.21171875 0.28888888888888886 0.0421875 0.03888888888888889
4 0.4203125 0.26805555555555555 0.04375 0.07777777777777778