4 0.126953125 0.5541666666666667 0.0375 0.10277777777777777
4 0.1734375 0.5444444444444444 0.03125 0.10972222222222222
4 0.2109375 0.59375 0.0484375 0.15694444444444444
4 0.204296875 0.44375 0.03359375 0.10138888888888889
4 0.25078125 0.47291666666666665 0.040625 0.11805555555555555
4 0.3078125 0.3715277777777778 0.0328125 0.10416666666666667
4 0.080078125 0.39791666666666664 0.06171875 0.06666666666666667
4 0.359375 0.28888888888888886 0.021875 0.06666666666666667
7 0.422265625 0.4423611111111111 0.10703125 0.24444444444444444
4 0.70703125 0.39305555555555555 0.03671875 0.09444444444444444
4 0.755859375 0.41388888888888886 0.03828125 0.11944444444444445
6 0.43125 0.2826388888888889 0.075 0.14583333333333334