4 0.163671875 0.3416666666666667 0.0234375 0.08055555555555556
5 0.78359375 0.7798611111111111 0.175 0.2708333333333333
5 0.6125 0.8361111111111111 0.146875 0.29444444444444445
5 0.559375 0.5486111111111112 0.0875 0.16111111111111112
5 0.62890625 0.43333333333333335 0.071875 0.11666666666666667
5 0.676171875 0.24305555555555555 0.03828125 0.04722222222222222
5 0.587890625 0.3263888888888889 0.04453125 0.06388888888888888
5 0.523828125 0.32569444444444445 0.05078125 0.07777777777777778
5 0.55703125 0.2708333333333333 0.03828125 0.05555555555555555
5 0.5984375 0.28402777777777777 0.040625 0.05138888888888889
6 0.72109375 0.20347222222222222 0.0625 0.06805555555555555
7 0.42421875 0.20069444444444445 0.125 0.1