4 0.844140625 0.5354166666666667 0.04921875 0.13194444444444445
4 0.915234375 0.4361111111111111 0.06328125 0.11805555555555555
5 0.34765625 0.7041666666666667 0.1421875 0.3277777777777778
4 0.080078125 0.40069444444444446 0.06015625 0.05416666666666667
4 0.215234375 0.28680555555555554 0.05 0.05416666666666667
4 0.26640625 0.4263888888888889 0.0453125 0.11388888888888889
5 0.41953125 0.39652777777777776 0.0640625 0.13194444444444445
4 0.33828125 0.2881944444444444 0.0296875 0.07361111111111111
4 0.515234375 0.2763888888888889 0.04296875 0.08055555555555556
5 0.444140625 0.28958333333333336 0.0484375 0.09027777777777778
4 0.12421875 0.7798611111111111 0.0546875 0.2
4 0.36328125 0.20347222222222222 0.015625 0.059722222222222225
4 0.659375 0.24305555555555555 0.0171875 0.058333333333333334
4 0.551953125 0.30277777777777776 0.01875 0.07777777777777778