4 0.209375 0.5131944444444444 0.0390625 0.10833333333333334
4 0.305859375 0.34652777777777777 0.03984375 0.0763888888888889
4 0.354296875 0.3402777777777778 0.02890625 0.1
5 0.43515625 0.35347222222222224 0.06171875 0.10833333333333334
4 0.51484375 0.25416666666666665 0.028125 0.075
4 0.60625 0.7208333333333333 0.05625 0.21944444444444444
4 0.19296875 0.8416666666666667 0.0703125 0.25833333333333336
4 0.078125 0.39375 0.0640625 0.07916666666666666
4 0.36953125 0.4083333333333333 0.003125 0.002777777777777778
4 0.391796875 0.22847222222222222 0.01484375 0.059722222222222225
4 0.40859375 0.2708333333333333 0.0203125 0.06666666666666667
4 0.434765625 0.25763888888888886 0.02265625 0.0763888888888889
4 0.367578125 0.27569444444444446 0.02265625 0.06666666666666667
4 0.5328125 0.31875 0.025 0.07083333333333333