4 0.157421875 0.6013888888888889 0.05234375 0.15833333333333333
4 0.268359375 0.45069444444444445 0.0265625 0.09027777777777778
4 0.329296875 0.4326388888888889 0.02734375 0.10833333333333334
4 0.294140625 0.3402777777777778 0.025 0.06666666666666667
4 0.246875 0.3506944444444444 0.0265625 0.04583333333333333
4 0.235546875 0.4479166666666667 0.03046875 0.11666666666666667
4 0.13125 0.3861111111111111 0.03125 0.075
4 0.0765625 0.3993055555555556 0.053125 0.0763888888888889
4 0.6453125 0.2743055555555556 0.02890625 0.07083333333333333
4 0.659375 0.25069444444444444 0.021875 0.07777777777777778
4 0.078125 0.8409722222222222 0.071875 0.2847222222222222