5 0.17265625 0.5479166666666667 0.1296875 0.24305555555555555
5 0.3140625 0.7361111111111112 0.1046875 0.26666666666666666
5 0.310546875 0.33611111111111114 0.05703125 0.08611111111111111
5 0.559765625 0.5736111111111111 0.11796875 0.19444444444444445
5 0.662109375 0.49583333333333335 0.07890625 0.12638888888888888
5 0.819921875 0.8361111111111111 0.18515625 0.2638888888888889
5 0.62109375 0.9069444444444444 0.18125 0.18333333333333332
5 0.523046875 0.34305555555555556 0.04609375 0.059722222222222225
5 0.537890625 0.2826388888888889 0.03359375 0.05138888888888889
6 0.609375 0.28680555555555554 0.05625 0.13472222222222222
4 0.74453125 0.38125 0.0203125 0.058333333333333334
4 0.9265625 0.6166666666666667 0.0515625 0.12638888888888888
5 0.197265625 0.325 0.06015625 0.08888888888888889