5 0.407421875 0.3590277777777778 0.05390625 0.12361111111111112
7 0.576953125 0.2743055555555556 0.06328125 0.11805555555555555
4 0.237890625 0.5111111111111111 0.03203125 0.125
4 0.178515625 0.7888888888888889 0.08515625 0.22777777777777777
4 0.07109375 0.4 0.05234375 0.06666666666666667
4 0.289453125 0.3236111111111111 0.04453125 0.08611111111111111
4 0.342578125 0.35208333333333336 0.0328125 0.09027777777777778
4 0.425390625 0.2263888888888889 0.02109375 0.06944444444444445
4 0.37109375 0.2590277777777778 0.01875 0.07222222222222222
4 0.390625 0.22777777777777777 0.0203125 0.05555555555555555
5 0.5140625 0.2152777777777778 0.040625 0.06111111111111111
4 0.344921875 0.2652777777777778 0.01484375 0.06666666666666667
4 0.655859375 0.23402777777777778 0.01640625 0.05416666666666667