4 0.69375 0.3527777777777778 0.0296875 0.09444444444444444
4 0.562890625 0.3145833333333333 0.0234375 0.08333333333333333
5 0.619921875 0.275 0.05546875 0.08333333333333333
4 0.28984375 0.45416666666666666 0.0375 0.11944444444444445
4 0.340625 0.36944444444444446 0.0296875 0.10833333333333334
4 0.29375 0.30972222222222223 0.021875 0.08611111111111111
4 0.10546875 0.8326388888888889 0.0796875 0.2013888888888889
4 0.0796875 0.4027777777777778 0.0828125 0.08333333333333333
4 0.334375 0.2604166666666667 0.0296875 0.07083333333333333
4 0.59921875 0.20833333333333334 0.01875 0.06111111111111111
4 0.566015625 0.2125 0.00078125 0.002777777777777778
4 0.81171875 0.43472222222222223 0.03125 0.10416666666666667