7 0.691015625 0.22013888888888888 0.059375 0.06944444444444445
5 0.5484375 0.5354166666666667 0.0859375 0.1375
5 0.736328125 0.6465277777777778 0.14609375 0.20277777777777778
5 0.61328125 0.4375 0.0640625 0.10416666666666667
5 0.53203125 0.3451388888888889 0.0453125 0.07222222222222222
5 0.5484375 0.3076388888888889 0.0390625 0.06527777777777778
5 0.600390625 0.3645833333333333 0.05234375 0.07916666666666666
5 0.63125 0.2423611111111111 0.04375 0.04722222222222222
5 0.537109375 0.22777777777777777 0.05625 0.03888888888888889
4 0.71015625 0.3326388888888889 0.02109375 0.05694444444444444
4 0.4296875 0.22013888888888888 0.028125 0.043055555555555555