4 0.894921875 0.6201388888888889 0.05546875 0.17083333333333334
4 0.725 0.3506944444444444 0.028125 0.10416666666666667
4 0.609375 0.27291666666666664 0.02578125 0.06805555555555555
5 0.5546875 0.2861111111111111 0.0546875 0.1
4 0.305078125 0.33055555555555555 0.03046875 0.1
4 0.078125 0.40069444444444446 0.0703125 0.0625
4 0.20859375 0.2881944444444444 0.0421875 0.05
4 0.39296875 0.20833333333333334 0.03046875 0.06111111111111111
4 0.639453125 0.28402777777777777 0.02890625 0.08472222222222223
4 0.65625 0.27708333333333335 0.021875 0.059722222222222225
4 0.68515625 0.27361111111111114 0.0265625 0.075
4 0.671875 0.31666666666666665 0.01875 0.07083333333333333
4 0.5875 0.2659722222222222 0.0265625 0.06805555555555555