4 0.686328125 0.48541666666666666 0.05234375 0.12638888888888888
4 0.741015625 0.44513888888888886 0.03671875 0.07083333333333333
4 0.70546875 0.3215277777777778 0.0203125 0.058333333333333334
4 0.75078125 0.3506944444444444 0.0296875 0.0763888888888889
5 0.566015625 0.4409722222222222 0.07109375 0.14305555555555555
4 0.3671875 0.45208333333333334 0.025 0.12638888888888888
4 0.27578125 0.46875 0.034375 0.11666666666666667
5 0.17734375 0.7423611111111111 0.1734375 0.30972222222222223
4 0.07578125 0.40208333333333335 0.04375 0.05416666666666667
4 0.207421875 0.28125 0.0328125 0.04027777777777778
4 0.28671875 0.33055555555555555 0.028125 0.09444444444444444
4 0.259765625 0.3680555555555556 0.02734375 0.058333333333333334
4 0.333984375 0.37083333333333335 0.03359375 0.08333333333333333
4 0.32265625 0.28125 0.0296875 0.06527777777777778
4 0.346484375 0.28125 0.02578125 0.07361111111111111
4 0.3796875 0.28055555555555556 0.021875 0.08333333333333333
4 0.4296875 0.25763888888888886 0.0265625 0.05694444444444444
5 0.536328125 0.29305555555555557 0.03984375 0.09305555555555556
4 0.652734375 0.2791666666666667 0.02109375 0.06944444444444445
4 0.58125 0.21388888888888888 0.01875 0.06388888888888888
4 0.667578125 0.2590277777777778 0.0203125 0.06527777777777778
4 0.248046875 0.4270833333333333 0.02890625 0.10416666666666667
4 0.3984375 0.2465277777777778 0.01875 0.07777777777777778
4 0.36640625 0.24861111111111112 0.01875 0.08194444444444444