4 0.1546875 0.6486111111111111 0.06875 0.225
4 0.348046875 0.32569444444444445 0.02109375 0.08888888888888889
4 0.683203125 0.4076388888888889 0.03359375 0.09583333333333334
5 0.553125 0.34652777777777777 0.0640625 0.12083333333333333
7 0.55390625 0.22569444444444445 0.07265625 0.15555555555555556
4 0.62578125 0.31180555555555556 0.021875 0.0625
4 0.635546875 0.2625 0.02265625 0.059722222222222225
5 0.596875 0.23194444444444445 0.028125 0.05
4 0.39609375 0.26319444444444445 0.0171875 0.075
4 0.355859375 0.2375 0.015625 0.05416666666666667
4 0.424609375 0.2361111111111111 0.01953125 0.05555555555555555
4 0.375390625 0.20902777777777778 0.0109375 0.043055555555555555