4 0.30078125 0.3972222222222222 0.01875 0.07777777777777778
4 0.319921875 0.3388888888888889 0.034375 0.10416666666666667
4 0.346875 0.3416666666666667 0.0265625 0.08888888888888889
4 0.399609375 0.3034722222222222 0.02265625 0.0875
5 0.56640625 0.2965277777777778 0.0484375 0.08888888888888889
4 0.664453125 0.4013888888888889 0.03515625 0.09305555555555556
4 0.74296875 0.4263888888888889 0.0265625 0.09166666666666666
4 0.8 0.5520833333333334 0.05 0.11527777777777778
4 0.634375 0.23055555555555557 0.0171875 0.05277777777777778
4 0.48125 0.25555555555555554 0.02890625 0.0625
4 0.364453125 0.24166666666666667 0.01640625 0.07222222222222222
4 0.37890625 0.24722222222222223 0.0140625 0.06666666666666667