7 0.642578125 0.22291666666666668 0.06171875 0.06666666666666667
5 0.579296875 0.6138888888888889 0.11171875 0.2222222222222222
5 0.6625 0.9291666666666667 0.178125 0.1388888888888889
5 0.85078125 0.8597222222222223 0.2171875 0.2777777777777778
5 0.53828125 0.41041666666666665 0.0578125 0.11666666666666667
5 0.5390625 0.3111111111111111 0.05078125 0.08888888888888889
5 0.605078125 0.30694444444444446 0.03984375 0.06111111111111111
5 0.565234375 0.27361111111111114 0.03671875 0.05555555555555555
6 0.68125 0.47291666666666665 0.153125 0.2833333333333333
4 0.91875 0.5652777777777778 0.046875 0.12222222222222222
4 0.098828125 0.5034722222222222 0.04296875 0.12083333333333333