4 0.1546875 0.6486111111111111 0.0640625 0.2222222222222222
4 0.348046875 0.32569444444444445 0.0234375 0.09027777777777778
4 0.683203125 0.4076388888888889 0.03125 0.09583333333333334
5 0.553125 0.34652777777777777 0.059375 0.1125
7 0.55390625 0.22569444444444445 0.0734375 0.15694444444444444
4 0.62578125 0.31180555555555556 0.01875 0.059722222222222225
4 0.635546875 0.2625 0.02421875 0.06111111111111111
5 0.596875 0.23194444444444445 0.0296875 0.05277777777777778
4 0.39609375 0.26319444444444445 0.015625 0.07361111111111111
4 0.355859375 0.2375 0.01328125 0.05277777777777778
4 0.424609375 0.2361111111111111 0.0171875 0.05277777777777778
4 0.375390625 0.20902777777777778 0.0125 0.044444444444444446