5 0.524609375 0.31319444444444444 0.04453125 0.05416666666666667
5 0.5359375 0.4666666666666667 0.08828125 0.14444444444444443
5 0.62890625 0.40555555555555556 0.0671875 0.09444444444444444
5 0.721875 0.6402777777777777 0.128125 0.19444444444444445
5 0.5796875 0.7861111111111111 0.153125 0.29444444444444445
5 0.319140625 0.43472222222222223 0.06328125 0.1
5 0.167578125 0.4284722222222222 0.09609375 0.1527777777777778
4 0.775 0.42291666666666666 0.028125 0.09861111111111111
4 0.700390625 0.31180555555555556 0.01484375 0.044444444444444446
4 0.197265625 0.3076388888888889 0.02109375 0.05416666666666667
4 0.165625 0.3 0.0171875 0.058333333333333334
6 0.608203125 0.26319444444444445 0.053125 0.1125