4 0.158984375 0.34930555555555554 0.02109375 0.0763888888888889
5 0.595703125 0.7145833333333333 0.11640625 0.21805555555555556
5 0.7203125 0.6277777777777778 0.14140625 0.2222222222222222
5 0.526953125 0.40625 0.07421875 0.1361111111111111
5 0.5984375 0.3909722222222222 0.0609375 0.10694444444444444
5 0.540625 0.30694444444444446 0.0484375 0.07777777777777778
5 0.64375 0.25833333333333336 0.040625 0.05
5 0.603125 0.3138888888888889 0.0390625 0.06944444444444445
5 0.648828125 0.25972222222222224 0.04296875 0.06111111111111111
5 0.54375 0.2590277777777778 0.0421875 0.05138888888888889
7 0.338671875 0.19791666666666666 0.12578125 0.11944444444444445