5 0.58203125 0.5256944444444445 0.1140625 0.2125
5 0.62109375 0.7951388888888888 0.13984375 0.29583333333333334
5 0.726171875 0.5006944444444444 0.11484375 0.1875
5 0.668359375 0.3527777777777778 0.08046875 0.10833333333333334
7 0.567578125 0.3548611111111111 0.07734375 0.15694444444444444
4 0.6515625 0.27708333333333335 0.0234375 0.06805555555555555
4 0.69375 0.3138888888888889 0.0234375 0.09583333333333334
4 0.747265625 0.36527777777777776 0.03203125 0.10555555555555556
4 0.387890625 0.2673611111111111 0.01484375 0.06805555555555555
5 0.444140625 0.27708333333333335 0.05078125 0.10694444444444444
4 0.232421875 0.38472222222222224 0.03359375 0.06111111111111111
4 0.178515625 0.5319444444444444 0.03046875 0.09861111111111111
4 0.078125 0.4048611111111111 0.0578125 0.07361111111111111
4 0.205859375 0.28194444444444444 0.04921875 0.06111111111111111
4 0.30625 0.29583333333333334 0.03125 0.09722222222222222
4 0.575 0.3527777777777778 0.0015625 0.002777777777777778
4 0.254296875 0.4527777777777778 0.03671875 0.11666666666666667