7 0.594921875 0.49166666666666664 0.1203125 0.28888888888888886
4 0.748828125 0.3486111111111111 0.03671875 0.08888888888888889
4 0.6953125 0.30625 0.0265625 0.0763888888888889
4 0.6640625 0.27847222222222223 0.0203125 0.0763888888888889
5 0.546875 0.3173611111111111 0.0546875 0.09166666666666666
4 0.156640625 0.7354166666666667 0.0625 0.16805555555555557
4 0.0734375 0.3972222222222222 0.053125 0.044444444444444446
4 0.201171875 0.2847222222222222 0.04765625 0.025
4 0.26640625 0.35555555555555557 0.0375 0.0625
4 0.326171875 0.33611111111111114 0.03203125 0.06666666666666667
4 0.36484375 0.2986111111111111 0.0234375 0.08194444444444444
4 0.598046875 0.2951388888888889 0.02421875 0.0625
4 0.601171875 0.22430555555555556 0.03203125 0.05416666666666667
4 0.53359375 0.22083333333333333 0.01875 0.05555555555555555