4 0.7625 0.5611111111111111 0.0515625 0.12916666666666668
4 0.71328125 0.3770833333333333 0.03046875 0.09583333333333334
4 0.6890625 0.2777777777777778 0.0328125 0.08888888888888889
4 0.619140625 0.28541666666666665 0.02265625 0.075
4 0.0765625 0.3951388888888889 0.059375 0.07083333333333333
4 0.213671875 0.2951388888888889 0.0390625 0.06111111111111111
4 0.082421875 0.7722222222222223 0.10859375 0.22777777777777777
4 0.960546875 0.4548611111111111 0.06640625 0.10694444444444444
4 0.59609375 0.24583333333333332 0.01875 0.06388888888888888
4 0.610546875 0.21666666666666667 0.01640625 0.05
4 0.631640625 0.25277777777777777 0.02109375 0.06666666666666667
4 0.393359375 0.2375 0.01796875 0.06388888888888888