7 0.62890625 0.2388888888888889 0.0609375 0.09166666666666666
7 0.70625 0.20972222222222223 0.0578125 0.07222222222222222
5 0.548828125 0.4909722222222222 0.075 0.12083333333333333
5 0.67265625 0.5340277777777778 0.1125 0.1597222222222222
5 0.773046875 0.8243055555555555 0.18046875 0.2861111111111111
5 0.634765625 0.8902777777777777 0.17734375 0.21666666666666667
5 0.64453125 0.4236111111111111 0.0609375 0.08888888888888889
5 0.5515625 0.3701388888888889 0.05625 0.0875
5 0.40390625 0.225 0.0578125 0.05277777777777778
5 0.585546875 0.2375 0.04140625 0.041666666666666664
4 0.69921875 0.3145833333333333 0.021875 0.05138888888888889