6 0.37109375 0.5076388888888889 0.15625 0.4
4 0.15234375 0.6965277777777777 0.05625 0.12361111111111112
4 0.0703125 0.6111111111111112 0.05625 0.16944444444444445
4 0.190625 0.47847222222222224 0.0375 0.12083333333333333
4 0.23984375 0.5131944444444444 0.03125 0.08472222222222223
4 0.253515625 0.4375 0.03203125 0.06666666666666667
4 0.230859375 0.4166666666666667 0.02421875 0.08333333333333333
4 0.29140625 0.47708333333333336 0.0296875 0.1125
4 0.30546875 0.39166666666666666 0.025 0.10833333333333334
4 0.286328125 0.33819444444444446 0.01796875 0.09583333333333334
4 0.692578125 0.40208333333333335 0.02890625 0.09166666666666666
4 0.82265625 0.49444444444444446 0.040625 0.10833333333333334
4 0.33359375 0.25555555555555554 0.0234375 0.06111111111111111
4 0.35703125 0.25833333333333336 0.0171875 0.06111111111111111
4 0.457421875 0.28402777777777777 0.02109375 0.07361111111111111