4 0.849609375 0.7131944444444445 0.08203125 0.17222222222222222
5 0.562109375 0.30486111111111114 0.0546875 0.1
5 0.29609375 0.5013888888888889 0.0984375 0.175
5 0.4234375 0.42291666666666666 0.0734375 0.15416666666666667
4 0.33203125 0.3576388888888889 0.01875 0.07916666666666666
4 0.2875 0.3840277777777778 0.0296875 0.08194444444444444
4 0.26171875 0.3541666666666667 0.025 0.07222222222222222
4 0.2890625 0.30694444444444446 0.0203125 0.06666666666666667
4 0.140625 0.5486111111111112 0.05 0.15
4 0.0765625 0.40069444444444446 0.059375 0.06805555555555555
4 0.32890625 0.27708333333333335 0.01875 0.05555555555555555
4 0.354296875 0.2902777777777778 0.01640625 0.06666666666666667
5 0.390625 0.3229166666666667 0.053125 0.08333333333333333
5 0.101171875 0.8159722222222222 0.20234375 0.36527777777777776
4 0.373046875 0.2625 0.01796875 0.06388888888888888