4 0.92578125 0.6034722222222222 0.0640625 0.15138888888888888
4 0.64453125 0.4375 0.0359375 0.10972222222222222
4 0.65703125 0.4048611111111111 0.0328125 0.0875
4 0.759765625 0.45416666666666666 0.046875 0.1
4 0.735546875 0.3659722222222222 0.03671875 0.08611111111111111
4 0.680859375 0.3333333333333333 0.02734375 0.09444444444444444
4 0.60234375 0.27569444444444446 0.0203125 0.0625
4 0.2984375 0.45416666666666666 0.046875 0.13055555555555556
4 0.382421875 0.39652777777777776 0.03515625 0.09166666666666666
4 0.261328125 0.34305555555555556 0.02734375 0.08055555555555556
4 0.082421875 0.4041666666666667 0.07265625 0.075
4 0.2078125 0.29444444444444445 0.03984375 0.05694444444444444
5 0.541015625 0.21597222222222223 0.04765625 0.059722222222222225
4 0.397265625 0.28958333333333336 0.03125 0.09027777777777778
4 0.631640625 0.27569444444444446 0.0234375 0.06805555555555555
4 0.646875 0.25555555555555554 0.0203125 0.05555555555555555
4 0.3609375 0.20625 0.01875 0.05694444444444444
4 0.674609375 0.24861111111111112 0.01953125 0.058333333333333334