5 0.6234375 0.4777777777777778 0.08125 0.12777777777777777
5 0.56875 0.32916666666666666 0.06953125 0.11666666666666667
4 0.34140625 0.4986111111111111 0.0421875 0.13055555555555556
4 0.3078125 0.4354166666666667 0.02578125 0.1111111111111111
4 0.2421875 0.3993055555555556 0.02265625 0.07916666666666666
4 0.32109375 0.35347222222222224 0.02578125 0.07916666666666666
4 0.367578125 0.39861111111111114 0.04375 0.11388888888888889
4 0.235546875 0.6597222222222222 0.03984375 0.15
4 0.209765625 0.5638888888888889 0.04609375 0.1361111111111111
4 0.07734375 0.41180555555555554 0.065625 0.07361111111111111
4 0.33125 0.2638888888888889 0.0203125 0.07222222222222222
4 0.357421875 0.26944444444444443 0.02421875 0.09444444444444444
4 0.387109375 0.25625 0.01953125 0.05694444444444444
4 0.116796875 0.7451388888888889 0.05859375 0.18888888888888888
4 0.388671875 0.21388888888888888 0.01796875 0.05277777777777778
4 0.405078125 0.21388888888888888 0.01484375 0.05416666666666667
4 0.3734375 0.20694444444444443 0.0171875 0.05277777777777778
4 0.3765625 0.3020833333333333 0.0203125 0.06527777777777778
4 0.615234375 0.26666666666666666 0.015625 0.058333333333333334