5 0.880078125 0.8208333333333333 0.23828125 0.35555555555555557
4 0.750390625 0.36527777777777776 0.04453125 0.09722222222222222
4 0.689453125 0.3111111111111111 0.02578125 0.08611111111111111
4 0.652734375 0.2826388888888889 0.02890625 0.08194444444444444
7 0.57421875 0.3715277777777778 0.0765625 0.19027777777777777
5 0.534765625 0.29930555555555555 0.04296875 0.08472222222222223
4 0.080859375 0.4027777777777778 0.06484375 0.075
4 0.209765625 0.3013888888888889 0.04921875 0.06111111111111111
4 0.155859375 0.6180555555555556 0.07265625 0.14722222222222223
4 0.36796875 0.33194444444444443 0.0359375 0.08611111111111111
4 0.540625 0.22430555555555556 0.015625 0.05138888888888889