5 0.314453125 0.34930555555555554 0.04765625 0.07361111111111111
5 0.541015625 0.4173611111111111 0.06796875 0.12361111111111112
5 0.61640625 0.7305555555555555 0.1390625 0.24444444444444444
5 0.607421875 0.32569444444444445 0.04140625 0.059722222222222225
5 0.60859375 0.26666666666666666 0.0421875 0.05
5 0.5546875 0.21805555555555556 0.0625 0.05555555555555555
5 0.685546875 0.21944444444444444 0.04453125 0.044444444444444446
4 0.833203125 0.5131944444444444 0.0453125 0.10416666666666667
4 0.730859375 0.36041666666666666 0.01484375 0.05694444444444444
5 0.278125 0.28055555555555556 0.03359375 0.05555555555555555
7 0.209765625 0.25763888888888886 0.05390625 0.10694444444444444