5 0.654296875 0.4 0.07734375 0.11666666666666667
5 0.699609375 0.7902777777777777 0.178125 0.3416666666666667
4 0.833203125 0.6652777777777777 0.0453125 0.18333333333333332
4 0.34453125 0.41041666666666665 0.034375 0.13472222222222222
5 0.4328125 0.36319444444444443 0.05625 0.10138888888888889
4 0.075 0.39861111111111114 0.059375 0.06944444444444445
4 0.238671875 0.44305555555555554 0.04453125 0.12222222222222222
5 0.461328125 0.24861111111111112 0.03671875 0.07222222222222222
4 0.542578125 0.32430555555555557 0.02265625 0.07083333333333333
4 0.599609375 0.29444444444444445 0.01796875 0.06388888888888888
4 0.648828125 0.29097222222222224 0.01953125 0.06527777777777778