5 0.3203125 0.38680555555555557 0.05625 0.10972222222222222
5 0.185546875 0.36319444444444443 0.05859375 0.1125
5 0.09296875 0.7201388888888889 0.1859375 0.36527777777777776
5 0.25078125 0.9430555555555555 0.1421875 0.1111111111111111
5 0.600390625 0.8513888888888889 0.17421875 0.29444444444444445
5 0.546875 0.5194444444444445 0.090625 0.16111111111111112
5 0.7625 0.7263888888888889 0.1609375 0.23194444444444445
5 0.64375 0.4548611111111111 0.0734375 0.12916666666666668
5 0.525 0.32083333333333336 0.0515625 0.075
4 0.825 0.4895833333333333 0.03828125 0.10972222222222222
4 0.71484375 0.3402777777777778 0.015625 0.058333333333333334
6 0.6046875 0.2763888888888889 0.0515625 0.12222222222222222