4 0.87265625 0.5861111111111111 0.059375 0.1527777777777778
4 0.1984375 0.6340277777777777 0.040625 0.15138888888888888
4 0.1671875 0.4951388888888889 0.04375 0.10416666666666667
4 0.236328125 0.48541666666666666 0.0453125 0.13194444444444445
4 0.078125 0.4097222222222222 0.07578125 0.08888888888888889
4 0.208984375 0.28402777777777777 0.04921875 0.04583333333333333
4 0.29609375 0.3034722222222222 0.02109375 0.09444444444444444
5 0.415234375 0.3486111111111111 0.06171875 0.125
4 0.3625 0.33958333333333335 0.03125 0.10416666666666667
4 0.685546875 0.2875 0.02890625 0.0763888888888889
4 0.545703125 0.28055555555555556 0.02578125 0.07361111111111111
4 0.58046875 0.29930555555555555 0.0234375 0.07083333333333333
4 0.62265625 0.27708333333333335 0.034375 0.075
7 0.450390625 0.2375 0.07578125 0.13333333333333333
4 0.337109375 0.23055555555555557 0.01796875 0.05555555555555555
4 0.3609375 0.24583333333333332 0.015625 0.06111111111111111
4 0.394140625 0.21805555555555556 0.01640625 0.06527777777777778