5 0.6453125 0.7152777777777778 0.128125 0.22777777777777777
4 0.263671875 0.6354166666666666 0.0453125 0.11805555555555555
4 0.13671875 0.6645833333333333 0.05625 0.15555555555555556
4 0.07734375 0.3902777777777778 0.0734375 0.08333333333333333
4 0.2921875 0.325 0.01875 0.06805555555555555
4 0.333984375 0.33819444444444446 0.03515625 0.09583333333333334
5 0.424609375 0.3590277777777778 0.0671875 0.14305555555555555
5 0.27890625 0.8430555555555556 0.1859375 0.3111111111111111
4 0.362890625 0.2951388888888889 0.02109375 0.07222222222222222
4 0.06328125 0.6625 0.065625 0.19166666666666668
4 0.263671875 0.42569444444444443 0.0265625 0.09444444444444444
4 0.32421875 0.26319444444444445 0.015625 0.05
5 0.42109375 0.2638888888888889 0.0390625 0.06666666666666667
4 0.35859375 0.21666666666666667 0.0140625 0.041666666666666664