4 0.677734375 0.3729166666666667 0.04296875 0.11527777777777778
4 0.3890625 0.5451388888888888 0.05390625 0.18194444444444444
4 0.721484375 0.3236111111111111 0.03203125 0.08333333333333333
4 0.766796875 0.4222222222222222 0.028125 0.08888888888888889
6 0.553125 0.24722222222222223 0.0875 0.14722222222222223
4 0.304296875 0.4618055555555556 0.03984375 0.11805555555555555
4 0.337890625 0.3770833333333333 0.04140625 0.09583333333333334
4 0.362890625 0.3326388888888889 0.02109375 0.06944444444444445
4 0.407421875 0.3347222222222222 0.03984375 0.09305555555555556
4 0.278515625 0.3972222222222222 0.02578125 0.10555555555555556
4 0.2609375 0.3451388888888889 0.025 0.07361111111111111
4 0.209765625 0.6590277777777778 0.04453125 0.18333333333333332
4 0.108203125 0.5826388888888889 0.08203125 0.17916666666666667
4 0.08671875 0.4076388888888889 0.0671875 0.08472222222222223
4 0.04140625 0.7083333333333334 0.0625 0.18472222222222223
4 0.3109375 0.5618055555555556 0.040625 0.13194444444444445
4 0.34609375 0.2875 0.0203125 0.06944444444444445
4 0.378515625 0.21180555555555555 0.01796875 0.058333333333333334
4 0.4109375 0.27152777777777776 0.0203125 0.07083333333333333
4 0.65546875 0.22430555555555556 0.015625 0.059722222222222225