4 0.749609375 0.3625 0.0234375 0.10972222222222222
4 0.77890625 0.41875 0.0375 0.12222222222222222
4 0.68515625 0.28541666666666665 0.0171875 0.07361111111111111
5 0.61875 0.37430555555555556 0.0609375 0.1125
5 0.57265625 0.28125 0.046875 0.09861111111111111
5 0.716015625 0.8402777777777778 0.18515625 0.31666666666666665
5 0.392578125 0.5618055555555556 0.09609375 0.19305555555555556
5 0.277734375 0.49583333333333335 0.10390625 0.18055555555555555
4 0.079296875 0.39861111111111114 0.06796875 0.05555555555555555
4 0.208984375 0.28541666666666665 0.05234375 0.04583333333333333
4 0.201171875 0.4576388888888889 0.04140625 0.09583333333333334
4 0.229296875 0.3909722222222222 0.02578125 0.0625
4 0.314453125 0.3715277777777778 0.03046875 0.09166666666666666
4 0.28046875 0.3770833333333333 0.0359375 0.07083333333333333
4 0.341015625 0.3111111111111111 0.02109375 0.07777777777777778
4 0.512109375 0.27569444444444446 0.03984375 0.06527777777777778
4 0.319921875 0.31180555555555556 0.02578125 0.04583333333333333
4 0.3703125 0.41875 0.03359375 0.09861111111111111
7 0.436328125 0.25416666666666665 0.07109375 0.175
4 0.330078125 0.2659722222222222 0.01484375 0.059722222222222225
4 0.37109375 0.24791666666666667 0.0171875 0.06388888888888888
4 0.38828125 0.20902777777777778 0.0140625 0.05694444444444444
4 0.384375 0.2861111111111111 0.0171875 0.06111111111111111
4 0.3609375 0.2881944444444444 0.015625 0.06527777777777778