4 0.076953125 0.4041666666666667 0.06171875 0.08055555555555556
4 0.26328125 0.4479166666666667 0.02734375 0.09444444444444444
4 0.32734375 0.40069444444444446 0.034375 0.09861111111111111
4 0.280859375 0.33194444444444443 0.02265625 0.08333333333333333
4 0.278125 0.5993055555555555 0.040625 0.15555555555555556
4 0.143359375 0.6520833333333333 0.0671875 0.22361111111111112
4 0.62265625 0.21319444444444444 0.0140625 0.04861111111111111
4 0.776171875 0.3958333333333333 0.03046875 0.09722222222222222
4 0.049609375 0.8791666666666667 0.08203125 0.2388888888888889
4 0.3171875 0.3013888888888889 0.01953125 0.06944444444444445
4 0.375390625 0.21666666666666667 0.0140625 0.05555555555555555
4 0.40078125 0.21180555555555555 0.0109375 0.05694444444444444