7 0.598828125 0.36875 0.13046875 0.3416666666666667
5 0.678515625 0.40694444444444444 0.06875 0.11527777777777778
4 0.827734375 0.7430555555555556 0.05859375 0.2222222222222222
4 0.930859375 0.7548611111111111 0.0765625 0.1875
4 0.76484375 0.42083333333333334 0.03125 0.08611111111111111
4 0.734765625 0.37083333333333335 0.02578125 0.09444444444444444
4 0.677734375 0.31319444444444444 0.02578125 0.07361111111111111
4 0.0828125 0.40069444444444446 0.04453125 0.07777777777777778
4 0.9296875 0.5888888888888889 0.0640625 0.1388888888888889
4 0.458984375 0.28055555555555556 0.03203125 0.08611111111111111
4 0.695703125 0.3090277777777778 0.01953125 0.07083333333333333