5 0.364453125 0.5659722222222222 0.115625 0.25277777777777777
4 0.256640625 0.44305555555555554 0.03359375 0.10833333333333334
4 0.190234375 0.4583333333333333 0.03671875 0.11666666666666667
4 0.334375 0.41805555555555557 0.0265625 0.08888888888888889
4 0.316796875 0.3402777777777778 0.02578125 0.05555555555555555
5 0.436328125 0.3013888888888889 0.05078125 0.10833333333333334
4 0.078125 0.40625 0.053125 0.06805555555555555
4 0.320703125 0.2923611111111111 0.0171875 0.04583333333333333
4 0.3625 0.2833333333333333 0.0203125 0.044444444444444446
4 0.353125 0.2743055555555556 0.01328125 0.07083333333333333
4 0.13828125 0.70625 0.0734375 0.17916666666666667
4 0.3765625 0.31805555555555554 0.0234375 0.06805555555555555