7 0.66796875 0.8138888888888889 0.290625 0.36944444444444446
5 0.659375 0.49444444444444446 0.078125 0.12777777777777777
5 0.5421875 0.4847222222222222 0.065625 0.12222222222222222
5 0.8671875 0.8361111111111111 0.2296875 0.325
5 0.551953125 0.2763888888888889 0.04453125 0.06388888888888888
5 0.454296875 0.22569444444444445 0.04296875 0.04722222222222222
5 0.6796875 0.21458333333333332 0.034375 0.0375
5 0.72265625 0.23472222222222222 0.0328125 0.03611111111111111
6 0.534375 0.37222222222222223 0.06875 0.15
6 0.62265625 0.2916666666666667 0.059375 0.13055555555555556
4 0.269140625 0.3388888888888889 0.02734375 0.09166666666666666
4 0.362109375 0.2902777777777778 0.021875 0.08055555555555556
7 0.194140625 0.6881944444444444 0.38828125 0.6208333333333333