7 0.64140625 0.39861111111111114 0.1 0.19722222222222222
6 0.787890625 0.6763888888888889 0.20234375 0.3277777777777778
4 0.158203125 0.3402777777777778 0.02109375 0.075
4 0.271484375 0.20208333333333334 0.0203125 0.02638888888888889
4 0.317578125 0.2076388888888889 0.02578125 0.04027777777777778
4 0.4171875 0.21875 0.025 0.0375
4 0.4609375 0.2222222222222222 0.0203125 0.041666666666666664
4 0.5625 0.22430555555555556 0.021875 0.0375
4 0.580859375 0.22777777777777777 0.02421875 0.044444444444444446
6 0.70234375 0.23125 0.0375 0.04861111111111111
7 0.608203125 0.29444444444444445 0.0578125 0.1111111111111111
4 0.812109375 0.47291666666666665 0.03203125 0.08472222222222223