5 0.543359375 0.28125 0.0546875 0.08333333333333333
4 0.601953125 0.30625 0.03203125 0.0875
7 0.54609375 0.18055555555555555 0.05625 0.11944444444444445
4 0.323046875 0.4736111111111111 0.03984375 0.1375
4 0.201953125 0.6736111111111112 0.05859375 0.17222222222222222
4 0.277734375 0.3951388888888889 0.03203125 0.1
4 0.335546875 0.3402777777777778 0.02578125 0.08333333333333333
4 0.320703125 0.30833333333333335 0.02109375 0.07222222222222222
4 0.3859375 0.30277777777777776 0.0203125 0.075
4 0.3765625 0.2520833333333333 0.021875 0.06527777777777778
4 0.41796875 0.23055555555555557 0.0171875 0.05555555555555555
4 0.39453125 0.21875 0.0109375 0.043055555555555555
4 0.587890625 0.26805555555555555 0.02265625 0.06388888888888888