4 0.158984375 0.34930555555555554 0.01953125 0.0763888888888889
5 0.595703125 0.7145833333333333 0.1203125 0.2263888888888889
5 0.7203125 0.6277777777777778 0.134375 0.20555555555555555
5 0.526953125 0.40625 0.06796875 0.12638888888888888
5 0.5984375 0.3909722222222222 0.0609375 0.10694444444444444
5 0.540625 0.30694444444444446 0.0484375 0.08055555555555556
5 0.64375 0.25833333333333336 0.0421875 0.05555555555555555
5 0.603125 0.3138888888888889 0.0390625 0.06944444444444445
5 0.648828125 0.25972222222222224 0.04140625 0.05555555555555555
5 0.54375 0.2590277777777778 0.0421875 0.05138888888888889
7 0.338671875 0.19791666666666666 0.12421875 0.1111111111111111