4 0.695703125 0.3458333333333333 0.02109375 0.08055555555555556
4 0.0828125 0.4013888888888889 0.06875 0.075
4 0.212890625 0.28055555555555556 0.04609375 0.06388888888888888
4 0.325390625 0.30416666666666664 0.02734375 0.08611111111111111
4 0.383203125 0.2861111111111111 0.02734375 0.07222222222222222
4 0.578125 0.3236111111111111 0.03125 0.09166666666666666
4 0.609765625 0.2875 0.01953125 0.06388888888888888
4 0.645703125 0.2861111111111111 0.02421875 0.06111111111111111
4 0.05078125 0.6375 0.065625 0.14166666666666666
4 0.140234375 0.81875 0.071875 0.2152777777777778
4 0.619140625 0.7631944444444444 0.06796875 0.20277777777777778
4 0.41484375 0.2423611111111111 0.02109375 0.06944444444444445
4 0.366015625 0.20555555555555555 0.01640625 0.06111111111111111
4 0.383203125 0.23333333333333334 0.01875 0.05555555555555555
4 0.685546875 0.2798611111111111 0.02109375 0.06111111111111111
4 0.552734375 0.24861111111111112 0.01796875 0.058333333333333334