4 0.07734375 0.39166666666666666 0.0734375 0.08055555555555556
4 0.312109375 0.3763888888888889 0.03125 0.10555555555555556
4 0.08515625 0.6194444444444445 0.040625 0.1
7 0.387890625 0.5305555555555556 0.13984375 0.2777777777777778
4 0.663671875 0.3055555555555556 0.02109375 0.07222222222222222
4 0.692578125 0.3090277777777778 0.02578125 0.09027777777777778
4 0.31328125 0.29444444444444445 0.0234375 0.06944444444444445
4 0.229296875 0.5125 0.03984375 0.10694444444444444
4 0.35078125 0.30625 0.0203125 0.06666666666666667
4 0.098828125 0.7722222222222223 0.07265625 0.20277777777777778
6 0.4140625 0.33611111111111114 0.109375 0.21944444444444444
5 0.469921875 0.2875 0.0234375 0.08055555555555556