5 0.556640625 0.41805555555555557 0.06484375 0.1388888888888889
4 0.787890625 0.5333333333333333 0.05234375 0.16666666666666666
4 0.796484375 0.7180555555555556 0.07109375 0.15833333333333333
4 0.206640625 0.5715277777777777 0.04921875 0.11805555555555555
4 0.0796875 0.3958333333333333 0.06875 0.08611111111111111
4 0.165234375 0.4861111111111111 0.03203125 0.09444444444444444
4 0.24609375 0.4354166666666667 0.0453125 0.1125
4 0.327734375 0.33125 0.02734375 0.08472222222222223
4 0.3953125 0.25069444444444444 0.0265625 0.06111111111111111
4 0.425 0.24583333333333332 0.01953125 0.06111111111111111
5 0.57109375 0.20555555555555555 0.040625 0.06388888888888888
5 0.458984375 0.25069444444444444 0.04296875 0.08194444444444444