4 0.144140625 0.24583333333333332 0.02109375 0.0625
4 0.182421875 0.2520833333333333 0.01796875 0.05138888888888889
5 0.85390625 0.8736111111111111 0.2109375 0.25
5 0.687890625 0.5875 0.1140625 0.18333333333333332
5 0.590625 0.4173611111111111 0.06484375 0.11666666666666667
5 0.578515625 0.32013888888888886 0.05390625 0.08194444444444444
5 0.712890625 0.2388888888888889 0.03984375 0.05277777777777778
5 0.674609375 0.22569444444444445 0.03828125 0.04583333333333333
6 0.447265625 0.22430555555555556 0.12578125 0.08888888888888889
6 0.643359375 0.2569444444444444 0.0375 0.058333333333333334
7 0.525 0.2722222222222222 0.05 0.10277777777777777