4 0.679296875 0.38055555555555554 0.02890625 0.10277777777777777
4 0.291015625 0.4375 0.04140625 0.12222222222222222
4 0.185546875 0.5180555555555556 0.0515625 0.09722222222222222
4 0.066796875 0.3972222222222222 0.05546875 0.08888888888888889
4 0.210546875 0.2763888888888889 0.046875 0.03611111111111111
4 0.41796875 0.29097222222222224 0.0265625 0.06666666666666667
4 0.36796875 0.26458333333333334 0.01796875 0.06666666666666667
4 0.368359375 0.3472222222222222 0.0203125 0.075
4 0.261328125 0.6138888888888889 0.04296875 0.1388888888888889
4 0.34140625 0.24583333333333332 0.0171875 0.06388888888888888
4 0.35234375 0.3055555555555556 0.02421875 0.09444444444444444
4 0.66875 0.8694444444444445 0.0578125 0.24444444444444444