4 0.612890625 0.3263888888888889 0.01796875 0.06388888888888888
5 0.425390625 0.36319444444444443 0.06796875 0.1388888888888889
4 0.344140625 0.3840277777777778 0.02734375 0.09305555555555556
4 0.28125 0.4236111111111111 0.03125 0.09722222222222222
4 0.2640625 0.3736111111111111 0.03515625 0.10694444444444444
4 0.070703125 0.38333333333333336 0.05234375 0.044444444444444446
4 0.378125 0.30277777777777776 0.0171875 0.06666666666666667
4 0.34765625 0.2833333333333333 0.028125 0.08333333333333333
4 0.2125 0.6069444444444444 0.05625 0.15
4 0.06796875 0.7680555555555556 0.075 0.21388888888888888
4 0.373828125 0.22013888888888888 0.01484375 0.04861111111111111