4 0.636328125 0.48194444444444445 0.05625 0.12777777777777777
4 0.080078125 0.39375 0.059375 0.0763888888888889
4 0.20703125 0.28958333333333336 0.0546875 0.06111111111111111
5 0.555078125 0.2847222222222222 0.04609375 0.07777777777777778
4 0.530078125 0.3576388888888889 0.01796875 0.07916666666666666
4 0.71953125 0.3277777777777778 0.025 0.07777777777777778
4 0.696875 0.30833333333333335 0.01875 0.06666666666666667
4 0.659765625 0.30277777777777776 0.02109375 0.06666666666666667
4 0.632421875 0.2826388888888889 0.02265625 0.07361111111111111
4 0.612890625 0.27361111111111114 0.02109375 0.06944444444444445
4 0.593359375 0.27291666666666664 0.0171875 0.05416666666666667
4 0.708203125 0.46041666666666664 0.00078125 0.004166666666666667
4 0.666796875 0.36319444444444443 0.02578125 0.08194444444444444
4 0.67890625 0.29583333333333334 0.021875 0.06666666666666667
4 0.147265625 0.6201388888888889 0.0578125 0.15416666666666667
4 0.371875 0.21597222222222223 0.0234375 0.07083333333333333