5 0.526171875 0.4236111111111111 0.07109375 0.11944444444444445
5 0.56015625 0.6895833333333333 0.1234375 0.2513888888888889
5 0.687109375 0.5569444444444445 0.1109375 0.16527777777777777
5 0.61328125 0.36944444444444446 0.0578125 0.08055555555555556
5 0.310546875 0.5638888888888889 0.08515625 0.18333333333333332
5 0.116015625 0.50625 0.13515625 0.20416666666666666
5 0.528515625 0.2986111111111111 0.0421875 0.06388888888888888
4 0.194140625 0.32708333333333334 0.02109375 0.07083333333333333
4 0.158203125 0.33194444444444443 0.01875 0.06388888888888888
4 0.738671875 0.36666666666666664 0.02265625 0.06111111111111111
4 0.9703125 0.625 0.0515625 0.11944444444444445
4 0.6921875 0.29444444444444445 0.0109375 0.03888888888888889
6 0.616796875 0.25625 0.05234375 0.09861111111111111