4 0.076953125 0.40555555555555556 0.06171875 0.1111111111111111
4 0.3078125 0.36180555555555555 0.028125 0.09861111111111111
4 0.261328125 0.44375 0.03671875 0.13194444444444445
4 0.212109375 0.5319444444444444 0.05625 0.11666666666666667
4 0.55703125 0.5243055555555556 0.040625 0.10138888888888889
4 0.538671875 0.4222222222222222 0.03359375 0.09444444444444444
5 0.616796875 0.29375 0.05703125 0.09861111111111111
4 0.69296875 0.29097222222222224 0.0265625 0.08611111111111111
4 0.553125 0.2673611111111111 0.0171875 0.07916666666666666
6 0.3734375 0.5263888888888889 0.165625 0.44722222222222224
4 0.230078125 0.37916666666666665 0.04375 0.125
4 0.353125 0.2972222222222222 0.02578125 0.07222222222222222
4 0.360546875 0.2326388888888889 0.01484375 0.05138888888888889
4 0.38671875 0.2388888888888889 0.0140625 0.05555555555555555
4 0.365234375 0.17569444444444443 0.015625 0.04583333333333333
6 0.425 0.2763888888888889 0.059375 0.11388888888888889
4 0.492578125 0.24444444444444444 0.021875 0.06666666666666667