4 0.725390625 0.4173611111111111 0.03359375 0.12638888888888888
4 0.7921875 0.4548611111111111 0.021875 0.11666666666666667
5 0.3671875 0.6472222222222223 0.1421875 0.3236111111111111
4 0.229296875 0.49722222222222223 0.04140625 0.15
4 0.329296875 0.4444444444444444 0.03984375 0.13333333333333333
4 0.313671875 0.3527777777777778 0.03359375 0.09166666666666666
4 0.07890625 0.40069444444444446 0.05625 0.0763888888888889
4 0.2109375 0.2916666666666667 0.053125 0.06944444444444445
4 0.262890625 0.34444444444444444 0.03671875 0.08888888888888889
7 0.4328125 0.22777777777777777 0.075 0.20277777777777778
4 0.346875 0.23472222222222222 0.0171875 0.06388888888888888
4 0.37109375 0.2298611111111111 0.01875 0.06111111111111111
4 0.5203125 0.21944444444444444 0.015625 0.05555555555555555