5 0.601171875 0.6256944444444444 0.10546875 0.18472222222222223
5 0.569921875 0.40902777777777777 0.0765625 0.14583333333333334
5 0.62578125 0.2743055555555556 0.053125 0.08194444444444444
5 0.583203125 0.19305555555555556 0.04375 0.05277777777777778
7 0.54765625 0.2722222222222222 0.0515625 0.10555555555555556
4 0.3140625 0.40694444444444444 0.03359375 0.1111111111111111
4 0.215625 0.5381944444444444 0.0546875 0.12916666666666668
4 0.073828125 0.40069444444444446 0.05234375 0.0763888888888889
4 0.208203125 0.2847222222222222 0.04453125 0.03888888888888889
4 0.884375 0.8659722222222223 0.0796875 0.15416666666666667
4 0.787109375 0.5375 0.065625 0.13055555555555556
4 0.702734375 0.3159722222222222 0.04296875 0.10138888888888889
4 0.062109375 0.7597222222222222 0.07265625 0.19166666666666668
4 0.3765625 0.21875 0.0171875 0.06527777777777778
4 0.64609375 0.4111111111111111 0.0328125 0.10138888888888889
4 0.653515625 0.2638888888888889 0.01953125 0.06666666666666667
4 0.394921875 0.21041666666666667 0.0171875 0.05