5 0.649609375 0.6180555555555556 0.15703125 0.2611111111111111
4 0.753125 0.38819444444444445 0.02890625 0.09583333333333334
5 0.612890625 0.3125 0.0484375 0.08055555555555556
5 0.567578125 0.25069444444444444 0.059375 0.09027777777777778
4 0.49609375 0.2722222222222222 0.04375 0.07777777777777778
5 0.186328125 0.6944444444444444 0.16953125 0.25555555555555554
4 0.16015625 0.5034722222222222 0.053125 0.07083333333333333
4 0.1328125 0.5916666666666667 0.0453125 0.08888888888888889
4 0.262890625 0.4826388888888889 0.03671875 0.08611111111111111
4 0.076171875 0.3923611111111111 0.05625 0.05277777777777778
4 0.205078125 0.2798611111111111 0.04296875 0.04027777777777778
5 0.316796875 0.9194444444444444 0.178125 0.16111111111111112
4 0.300390625 0.37083333333333335 0.02421875 0.08611111111111111
7 0.411328125 0.2965277777777778 0.1015625 0.28055555555555556
4 0.289453125 0.32916666666666666 0.01796875 0.07222222222222222
4 0.2265625 0.42986111111111114 0.0328125 0.10694444444444444
4 0.209375 0.5020833333333333 0.0328125 0.10972222222222222
4 0.280078125 0.3972222222222222 0.02109375 0.07777777777777778
4 0.35625 0.29444444444444445 0.021875 0.07777777777777778
4 0.321875 0.2951388888888889 0.0234375 0.08055555555555556
4 0.684765625 0.2611111111111111 0.01640625 0.0625
4 0.658984375 0.24305555555555555 0.021875 0.06944444444444445
4 0.33046875 0.5777777777777777 0.03671875 0.11527777777777778
4 0.0421875 0.6861111111111111 0.0734375 0.16666666666666666