4 0.337890625 0.6486111111111111 0.05390625 0.1736111111111111
4 0.3171875 0.4097222222222222 0.0234375 0.08055555555555556
4 0.3734375 0.3597222222222222 0.01875 0.07777777777777778
4 0.44375 0.38263888888888886 0.028125 0.09583333333333334
4 0.419921875 0.2923611111111111 0.02578125 0.07083333333333333
4 0.35 0.3229166666666667 0.021875 0.0625
4 0.3453125 0.27361111111111114 0.021875 0.058333333333333334
4 0.172265625 0.7854166666666667 0.08203125 0.21805555555555556
5 0.5375 0.24097222222222223 0.04609375 0.07916666666666666
4 0.64296875 0.2423611111111111 0.015625 0.04861111111111111
4 0.387890625 0.26875 0.021875 0.06527777777777778
4 0.460546875 0.2743055555555556 0.015625 0.07361111111111111