4 0.076171875 0.3951388888888889 0.06953125 0.09861111111111111
4 0.151953125 0.51875 0.0640625 0.08472222222222223
4 0.21015625 0.41805555555555557 0.0296875 0.10277777777777777
4 0.23984375 0.4791666666666667 0.046875 0.13055555555555556
4 0.269140625 0.37777777777777777 0.034375 0.09166666666666666
7 0.384375 0.43680555555555556 0.184375 0.5319444444444444
4 0.31484375 0.28055555555555556 0.0203125 0.06111111111111111
4 0.7171875 0.3173611111111111 0.0234375 0.06805555555555555
4 0.68046875 0.2951388888888889 0.025 0.06388888888888888
4 0.604296875 0.2763888888888889 0.01953125 0.058333333333333334
6 0.113671875 0.7576388888888889 0.22734375 0.48194444444444445