5 0.55234375 0.5069444444444444 0.078125 0.1388888888888889
5 0.534765625 0.29305555555555557 0.03984375 0.05
5 0.564453125 0.2638888888888889 0.04453125 0.058333333333333334
5 0.528125 0.3402777777777778 0.04765625 0.08055555555555556
5 0.60390625 0.3104166666666667 0.046875 0.04861111111111111
5 0.60390625 0.36319444444444443 0.0515625 0.09583333333333334
5 0.6265625 0.27708333333333335 0.0359375 0.04861111111111111
6 0.658203125 0.4486111111111111 0.09609375 0.14722222222222223
6 0.698828125 0.7416666666666667 0.31796875 0.5138888888888888
7 0.651171875 0.2 0.09765625 0.08472222222222223
5 0.20859375 0.34930555555555554 0.05859375 0.09722222222222222