5 0.71328125 0.5215277777777778 0.11484375 0.17916666666666667
4 0.572265625 0.575 0.07578125 0.19444444444444445
4 0.59765625 0.35347222222222224 0.0453125 0.12083333333333333
4 0.73125 0.3659722222222222 0.0296875 0.08333333333333333
4 0.673046875 0.25069444444444444 0.02109375 0.07361111111111111
4 0.146875 0.4861111111111111 0.0375 0.11805555555555555
4 0.07890625 0.40625 0.0828125 0.0763888888888889
4 0.356640625 0.27291666666666664 0.01796875 0.05277777777777778
4 0.362890625 0.3111111111111111 0.01796875 0.06388888888888888
6 0.423828125 0.28958333333333336 0.08984375 0.21805555555555556
4 0.642578125 0.21041666666666667 0.0140625 0.0625
4 0.3828125 0.23194444444444445 0.01640625 0.059722222222222225