4 0.3359375 0.3729166666666667 0.025 0.09027777777777778
4 0.388671875 0.37083333333333335 0.02265625 0.09444444444444444
4 0.298046875 0.3729166666666667 0.04140625 0.08472222222222223
4 0.27109375 0.3375 0.0375 0.09305555555555556
4 0.7140625 0.4 0.03125 0.08888888888888889
4 0.6296875 0.36944444444444446 0.0171875 0.07777777777777778
4 0.74609375 0.3402777777777778 0.0265625 0.10277777777777777
4 0.694140625 0.3125 0.025 0.06388888888888888
5 0.557421875 0.3659722222222222 0.071875 0.12083333333333333
4 0.076953125 0.41388888888888886 0.05703125 0.058333333333333334
4 0.20625 0.29583333333333334 0.053125 0.05
4 0.33671875 0.2972222222222222 0.0328125 0.05138888888888889
4 0.369921875 0.30416666666666664 0.02109375 0.08611111111111111
4 0.34453125 0.26458333333333334 0.0328125 0.07916666666666666
4 0.3984375 0.22361111111111112 0.0171875 0.05277777777777778
4 0.215625 0.4166666666666667 0.034375 0.11944444444444445
4 0.121484375 0.5638888888888889 0.03359375 0.1388888888888889
4 0.049609375 0.6993055555555555 0.05234375 0.15694444444444444
4 0.37734375 0.19166666666666668 0.015625 0.06111111111111111
5 0.524609375 0.24097222222222223 0.040625 0.07222222222222222
4 0.662890625 0.2604166666666667 0.02734375 0.075
4 0.639453125 0.2590277777777778 0.0203125 0.06527777777777778