4 0.1765625 0.4513888888888889 0.05 0.13333333333333333
4 0.075 0.4027777777777778 0.04765625 0.08333333333333333
4 0.725 0.42916666666666664 0.0421875 0.10555555555555556
4 0.728515625 0.35625 0.02890625 0.06805555555555555
4 0.669140625 0.29097222222222224 0.0234375 0.07361111111111111
4 0.355078125 0.2965277777777778 0.02578125 0.0763888888888889
4 0.3859375 0.24444444444444444 0.021875 0.05555555555555555
4 0.525 0.2513888888888889 0.01875 0.06666666666666667
4 0.655859375 0.2298611111111111 0.01796875 0.0625
4 0.15859375 0.7979166666666667 0.084375 0.23194444444444445
4 0.35234375 0.21805555555555556 0.0140625 0.044444444444444446
4 0.36015625 0.24444444444444444 0.0140625 0.041666666666666664
4 0.399609375 0.22847222222222222 0.01796875 0.059722222222222225
4 0.62421875 0.2125 0.0203125 0.05277777777777778
4 0.64140625 0.21736111111111112 0.0171875 0.059722222222222225