4 0.784375 0.4652777777777778 0.0375 0.12222222222222222
4 0.609375 0.4388888888888889 0.0296875 0.12777777777777777
4 0.286328125 0.5208333333333334 0.04453125 0.13333333333333333
4 0.2078125 0.5777777777777777 0.0546875 0.14027777777777778
4 0.2625 0.39305555555555555 0.0296875 0.1
4 0.363671875 0.3090277777777778 0.02421875 0.1
4 0.391796875 0.2708333333333333 0.028125 0.07777777777777778
4 0.349609375 0.2465277777777778 0.01796875 0.06527777777777778
4 0.723046875 0.41180555555555554 0.0375 0.11805555555555555
4 0.7390625 0.3458333333333333 0.025 0.075
6 0.572265625 0.24375 0.09140625 0.1763888888888889
4 0.6484375 0.27361111111111114 0.04453125 0.08611111111111111
5 0.4203125 0.3888888888888889 0.06953125 0.17222222222222222
5 0.44453125 0.28888888888888886 0.040625 0.07222222222222222
4 0.400390625 0.20208333333333334 0.01875 0.06805555555555555
4 0.073828125 0.7680555555555556 0.10078125 0.24444444444444444
4 0.24921875 0.32916666666666666 0.0359375 0.07222222222222222
4 0.0796875 0.39166666666666666 0.0578125 0.1
4 0.209765625 0.28125 0.04609375 0.043055555555555555
4 0.363671875 0.2013888888888889 0.015625 0.05277777777777778