5 0.566796875 0.5645833333333333 0.08984375 0.1597222222222222
5 0.52734375 0.36180555555555555 0.05625 0.10138888888888889
5 0.598046875 0.32222222222222224 0.04609375 0.06388888888888888
5 0.61796875 0.38263888888888886 0.0578125 0.09027777777777778
5 0.61484375 0.28194444444444444 0.03828125 0.05555555555555555
5 0.5546875 0.26805555555555555 0.04375 0.05277777777777778
5 0.528515625 0.3013888888888889 0.03984375 0.05
5 0.690625 0.24027777777777778 0.03125 0.043055555555555555
6 0.682421875 0.5180555555555556 0.13828125 0.19722222222222222
6 0.744921875 0.7840277777777778 0.34921875 0.4263888888888889
7 0.6359375 0.20277777777777778 0.1109375 0.09444444444444444
5 0.219921875 0.2972222222222222 0.05390625 0.08611111111111111