5 0.355859375 0.42291666666666666 0.08203125 0.15416666666666667
4 0.74609375 0.4270833333333333 0.025 0.1125
4 0.848828125 0.5791666666666667 0.053125 0.1361111111111111
4 0.6546875 0.33194444444444443 0.0234375 0.08611111111111111
4 0.1359375 0.5104166666666666 0.04140625 0.16111111111111112
4 0.1875 0.5493055555555556 0.0484375 0.14444444444444443
4 0.26015625 0.36180555555555555 0.025 0.08472222222222223
4 0.309765625 0.30416666666666664 0.03984375 0.08055555555555556
4 0.369140625 0.275 0.02109375 0.07222222222222222
4 0.346484375 0.25069444444444444 0.01640625 0.05694444444444444
4 0.1984375 0.2861111111111111 0.034375 0.06666666666666667
4 0.0796875 0.4048611111111111 0.0734375 0.08333333333333333
4 0.037890625 0.6875 0.06953125 0.13055555555555556
5 0.663671875 0.9180555555555555 0.15078125 0.15833333333333333
4 0.218359375 0.47152777777777777 0.04140625 0.14305555555555555
4 0.2859375 0.475 0.034375 0.1361111111111111
4 0.368359375 0.19444444444444445 0.01796875 0.06388888888888888
4 0.41875 0.23125 0.01953125 0.06666666666666667
4 0.7453125 0.3388888888888889 0.028125 0.09166666666666666
4 0.674609375 0.26180555555555557 0.02265625 0.07361111111111111
4 0.65234375 0.21944444444444444 0.0171875 0.05555555555555555