5 0.3484375 0.8006944444444445 0.17265625 0.37916666666666665
5 0.627734375 0.8 0.16640625 0.31666666666666665
5 0.7625 0.5618055555555556 0.146875 0.2361111111111111
5 0.5828125 0.5277777777777778 0.09375 0.18333333333333332
5 0.58125 0.525 0.090625 0.175
7 0.56640625 0.3451388888888889 0.0734375 0.17916666666666667
5 0.66640625 0.37222222222222223 0.06875 0.14166666666666666
4 0.747265625 0.36736111111111114 0.03515625 0.12083333333333333
4 0.079296875 0.4097222222222222 0.07578125 0.10277777777777777
4 0.205078125 0.28958333333333336 0.04921875 0.04722222222222222
4 0.283203125 0.3368055555555556 0.0359375 0.0763888888888889
4 0.35859375 0.2548611111111111 0.0203125 0.059722222222222225
4 0.621484375 0.22847222222222222 0.01640625 0.06666666666666667
4 0.6515625 0.27361111111111114 0.0234375 0.058333333333333334
4 0.686328125 0.28194444444444444 0.01640625 0.05277777777777778
4 0.891796875 0.6131944444444445 0.03984375 0.14305555555555555
4 0.41875 0.24305555555555555 0.0171875 0.058333333333333334
4 0.355078125 0.20902777777777778 0.01484375 0.04583333333333333