7 0.146484375 0.5034722222222222 0.12109375 0.30833333333333335
5 0.56875 0.6458333333333334 0.1203125 0.225
5 0.675 0.9493055555555555 0.1890625 0.09861111111111111
5 0.5359375 0.3861111111111111 0.0578125 0.06111111111111111
5 0.360546875 0.31805555555555554 0.06484375 0.06944444444444445
5 0.3359375 0.2673611111111111 0.0515625 0.04861111111111111
5 0.06484375 0.875 0.1296875 0.24722222222222223
6 0.66328125 0.4215277777777778 0.1265625 0.2513888888888889
5 0.287109375 0.3902777777777778 0.05703125 0.10555555555555556
4 0.25 0.46111111111111114 0.03125 0.10833333333333334
4 0.850390625 0.5319444444444444 0.0375 0.1