4 0.30390625 0.5819444444444445 0.0453125 0.11388888888888889
4 0.312109375 0.4409722222222222 0.03671875 0.12916666666666668
4 0.18671875 0.5034722222222222 0.0453125 0.1111111111111111
4 0.3546875 0.3 0.025 0.08888888888888889
4 0.375390625 0.2548611111111111 0.0234375 0.07777777777777778
5 0.612109375 0.49444444444444446 0.09921875 0.1638888888888889
4 0.752734375 0.5895833333333333 0.05390625 0.14444444444444443
4 0.890625 0.7159722222222222 0.04453125 0.16805555555555557
4 0.658203125 0.2798611111111111 0.02109375 0.07083333333333333
4 0.6984375 0.2847222222222222 0.021875 0.075
4 0.140234375 0.8833333333333333 0.07890625 0.23055555555555557
4 0.350390625 0.2590277777777778 0.01640625 0.043055555555555555