5 0.644921875 0.3770833333333333 0.08359375 0.15416666666666667
4 0.569140625 0.3111111111111111 0.03515625 0.1
4 0.709375 0.33055555555555555 0.02265625 0.09444444444444444
4 0.591796875 0.7520833333333333 0.06484375 0.18611111111111112
4 0.549609375 0.44583333333333336 0.03984375 0.12222222222222222
4 0.077734375 0.4 0.06328125 0.08055555555555556
4 0.191015625 0.41388888888888886 0.04296875 0.1
4 0.300390625 0.38680555555555557 0.03046875 0.09305555555555556
4 0.31484375 0.3388888888888889 0.021875 0.07777777777777778
4 0.35234375 0.28541666666666665 0.021875 0.06944444444444445
4 0.484765625 0.26805555555555555 0.025 0.08055555555555556
6 0.41171875 0.3888888888888889 0.1171875 0.2916666666666667
4 0.378515625 0.21458333333333332 0.009375 0.04027777777777778
4 0.675 0.24375 0.0203125 0.0763888888888889
4 0.63515625 0.20555555555555555 0.0203125 0.06388888888888888