7 0.147265625 0.8111111111111111 0.29453125 0.375
7 0.798828125 0.7229166666666667 0.22890625 0.43194444444444446
7 0.617578125 0.25416666666666665 0.04921875 0.08888888888888889
5 0.54609375 0.48819444444444443 0.0703125 0.13194444444444445
5 0.6671875 0.5069444444444444 0.09375 0.1388888888888889
5 0.619921875 0.39861111111111114 0.06015625 0.08055555555555556
5 0.5953125 0.3298611111111111 0.04140625 0.075
5 0.525 0.2972222222222222 0.05625 0.06388888888888888
5 0.519140625 0.3458333333333333 0.06171875 0.06944444444444445
5 0.678125 0.23125 0.04140625 0.05416666666666667
5 0.3328125 0.21875 0.0484375 0.04583333333333333
4 0.720703125 0.37916666666666665 0.02265625 0.0763888888888889
4 0.9578125 0.6895833333333333 0.065625 0.16527777777777777