4 0.287109375 0.5166666666666667 0.05 0.12222222222222222
5 0.546484375 0.33055555555555555 0.05546875 0.09444444444444444
4 0.766015625 0.44513888888888886 0.05234375 0.12361111111111112
4 0.926171875 0.7256944444444444 0.0640625 0.1986111111111111
4 0.0796875 0.39652777777777776 0.0625 0.10694444444444444
4 0.359375 0.3298611111111111 0.021875 0.0763888888888889
4 0.408984375 0.26805555555555555 0.028125 0.07777777777777778
4 0.38046875 0.27847222222222223 0.0234375 0.07083333333333333
4 0.346484375 0.2826388888888889 0.02421875 0.059722222222222225
7 0.7328125 0.6680555555555555 0.378125 0.6611111111111111
4 0.2453125 0.4305555555555556 0.02890625 0.09166666666666666
4 0.271875 0.3625 0.04453125 0.125
5 0.45 0.25833333333333336 0.0515625 0.09444444444444444
4 0.6546875 0.2638888888888889 0.015625 0.06388888888888888
4 0.634375 0.2326388888888889 0.0171875 0.05555555555555555
4 0.342578125 0.23958333333333334 0.02109375 0.05277777777777778
4 0.38046875 0.1909722222222222 0.02109375 0.05138888888888889
4 0.372265625 0.21736111111111112 0.01484375 0.04583333333333333