4 0.59453125 0.6125 0.05625 0.1638888888888889
4 0.7 0.42569444444444443 0.0359375 0.10694444444444444
4 0.7265625 0.37083333333333335 0.028125 0.06666666666666667
4 0.71953125 0.3173611111111111 0.0296875 0.07361111111111111
4 0.69609375 0.30972222222222223 0.01875 0.058333333333333334
4 0.676953125 0.2972222222222222 0.02109375 0.05277777777777778
4 0.63359375 0.27708333333333335 0.0203125 0.059722222222222225
4 0.612890625 0.27291666666666664 0.02578125 0.04861111111111111
4 0.66015625 0.2923611111111111 0.02734375 0.058333333333333334
5 0.559765625 0.2923611111111111 0.06328125 0.10138888888888889
4 0.2515625 0.45416666666666666 0.0421875 0.12222222222222222
4 0.325 0.30486111111111114 0.0421875 0.0763888888888889
4 0.080078125 0.40694444444444444 0.05546875 0.08055555555555556
4 0.2078125 0.2861111111111111 0.0421875 0.043055555555555555
4 0.589453125 0.2708333333333333 0.01484375 0.05555555555555555
4 0.378125 0.18888888888888888 0.0140625 0.05277777777777778