4 0.1515625 0.2569444444444444 0.021875 0.06111111111111111
5 0.81640625 0.8222222222222222 0.2046875 0.3055555555555556
5 0.6734375 0.5472222222222223 0.10703125 0.1638888888888889
5 0.587109375 0.3958333333333333 0.05625 0.10277777777777777
5 0.57890625 0.30972222222222223 0.0515625 0.08333333333333333
5 0.651953125 0.9347222222222222 0.17734375 0.12777777777777777
5 0.721875 0.23819444444444443 0.034375 0.04583333333333333
6 0.4640625 0.21666666666666667 0.128125 0.08055555555555556
6 0.665234375 0.25069444444444444 0.04609375 0.06111111111111111
6 0.58125 0.26875 0.0546875 0.09583333333333334
7 0.53359375 0.2673611111111111 0.05 0.0875