5 0.628515625 0.40555555555555556 0.06640625 0.12222222222222222
5 0.105078125 0.64375 0.1875 0.33055555555555555
5 0.5265625 0.34930555555555554 0.0515625 0.08194444444444444
5 0.653125 0.25625 0.0375 0.05416666666666667
5 0.582421875 0.2423611111111111 0.03671875 0.05277777777777778
6 0.837890625 0.7513888888888889 0.32265625 0.49444444444444446
6 0.61015625 0.3104166666666667 0.053125 0.09166666666666666
7 0.53515625 0.25833333333333336 0.05625 0.10555555555555556
7 0.580078125 0.19791666666666666 0.07734375 0.07222222222222222
5 0.274609375 0.35555555555555557 0.04921875 0.10555555555555556
4 0.183984375 0.30972222222222223 0.02109375 0.075