5 0.53359375 0.2298611111111111 0.0546875 0.05416666666666667
5 0.60625 0.37569444444444444 0.0609375 0.09861111111111111
5 0.59765625 0.24444444444444444 0.04375 0.04722222222222222
5 0.351953125 0.21388888888888888 0.0453125 0.05277777777777778
5 0.518359375 0.33541666666666664 0.04765625 0.06944444444444445
5 0.7078125 0.2375 0.03359375 0.04861111111111111
6 0.83125 0.7965277777777777 0.2515625 0.4041666666666667
6 0.57265625 0.5618055555555556 0.1234375 0.28888888888888886
6 0.603515625 0.30625 0.05703125 0.10416666666666667
4 0.7328125 0.3548611111111111 0.0234375 0.075
5 0.52421875 0.275 0.0421875 0.05694444444444444