5 0.70546875 0.6159722222222223 0.11796875 0.175
5 0.578515625 0.6722222222222223 0.10390625 0.2
5 0.534375 0.4597222222222222 0.06875 0.125
5 0.519921875 0.30833333333333335 0.04765625 0.07777777777777778
5 0.70703125 0.2375 0.03671875 0.04722222222222222
5 0.660546875 0.25 0.04140625 0.044444444444444446
5 0.5890625 0.2972222222222222 0.040625 0.05277777777777778
5 0.634375 0.24027777777777778 0.034375 0.041666666666666664
5 0.579296875 0.2548611111111111 0.0359375 0.04583333333333333
5 0.618359375 0.2708333333333333 0.0390625 0.05277777777777778
5 0.606640625 0.36527777777777776 0.05546875 0.09722222222222222
7 0.479296875 0.2013888888888889 0.12421875 0.09166666666666666
4 0.17421875 0.29097222222222224 0.0265625 0.0763888888888889