5 0.60625 0.3958333333333333 0.065625 0.11944444444444445
5 0.5640625 0.2375 0.046875 0.06944444444444445
5 0.331640625 0.8625 0.2109375 0.25277777777777777
4 0.110546875 0.6680555555555555 0.06953125 0.17083333333333334
4 0.158203125 0.7173611111111111 0.046875 0.17083333333333334
4 0.20390625 0.5152777777777777 0.0546875 0.125
4 0.24296875 0.41597222222222224 0.034375 0.08472222222222223
4 0.28984375 0.3784722222222222 0.03125 0.10138888888888889
4 0.327734375 0.4270833333333333 0.0328125 0.125
4 0.33984375 0.36527777777777776 0.03125 0.08611111111111111
4 0.377734375 0.38125 0.03359375 0.08611111111111111
5 0.41171875 0.4354166666666667 0.071875 0.1763888888888889
4 0.080078125 0.4125 0.06484375 0.08611111111111111
4 0.30546875 0.29097222222222224 0.0234375 0.07083333333333333
4 0.34140625 0.29791666666666666 0.0296875 0.08194444444444444
4 0.372265625 0.25069444444444444 0.0203125 0.08333333333333333
4 0.397265625 0.27361111111111114 0.02109375 0.07222222222222222
7 0.45625 0.17916666666666667 0.053125 0.14166666666666666
4 0.350390625 0.2361111111111111 0.01484375 0.05555555555555555
4 0.37265625 0.30694444444444446 0.01875 0.058333333333333334
4 0.658984375 0.21944444444444444 0.01953125 0.06805555555555555
4 0.638671875 0.19930555555555557 0.01953125 0.06666666666666667
4 0.6203125 0.19166666666666668 0.01875 0.06388888888888888