5 0.304296875 0.4111111111111111 0.05546875 0.1
5 0.2796875 0.31666666666666665 0.04375 0.06944444444444445
5 0.58828125 0.6368055555555555 0.11640625 0.18472222222222223
5 0.532421875 0.3784722222222222 0.05625 0.10972222222222222
5 0.6109375 0.30694444444444446 0.0453125 0.07361111111111111
5 0.619921875 0.26944444444444443 0.06171875 0.08055555555555556
5 0.708203125 0.21875 0.0328125 0.03333333333333333
4 0.76484375 0.42916666666666664 0.0359375 0.08333333333333333
7 0.225390625 0.27361111111111114 0.04609375 0.12777777777777777
6 0.841796875 0.7222222222222222 0.31484375 0.5527777777777778
4 0.711328125 0.33055555555555555 0.01953125 0.06111111111111111
4 0.32578125 0.29305555555555557 0.0140625 0.058333333333333334