4 0.759375 0.46111111111111114 0.0328125 0.1125
4 0.878125 0.5277777777777778 0.0484375 0.15555555555555556
5 0.64140625 0.33611111111111114 0.0671875 0.10833333333333334
4 0.598046875 0.3840277777777778 0.04453125 0.09861111111111111
4 0.34765625 0.3326388888888889 0.02421875 0.09861111111111111
4 0.258984375 0.48125 0.03203125 0.13194444444444445
4 0.0921875 0.575 0.0640625 0.11666666666666667
4 0.077734375 0.40625 0.05390625 0.0875
4 0.3203125 0.2965277777777778 0.021875 0.08194444444444444
4 0.366796875 0.2861111111111111 0.03203125 0.09166666666666666
6 0.533203125 0.2263888888888889 0.0765625 0.13055555555555556
4 0.291015625 0.5819444444444445 0.046875 0.1638888888888889
4 0.35625 0.22708333333333333 0.0234375 0.06805555555555555
4 0.618359375 0.25833333333333336 0.01640625 0.05555555555555555
4 0.571875 0.22847222222222222 0.0203125 0.059722222222222225