4 0.631640625 0.7541666666666667 0.06796875 0.18333333333333332
4 0.736328125 0.4895833333333333 0.03046875 0.12916666666666668
4 0.723046875 0.34375 0.02265625 0.08194444444444444
4 0.55625 0.43194444444444446 0.0296875 0.11944444444444445
4 0.1578125 0.6944444444444444 0.0609375 0.18333333333333332
4 0.07890625 0.39861111111111114 0.065625 0.09166666666666666
4 0.202734375 0.2826388888888889 0.04921875 0.05694444444444444
6 0.376171875 0.44722222222222224 0.159375 0.44722222222222224
7 0.374609375 0.4444444444444444 0.14296875 0.43333333333333335
4 0.196875 0.45069444444444445 0.0296875 0.10972222222222222
4 0.23359375 0.49375 0.0375 0.14027777777777778
4 0.275 0.39444444444444443 0.025 0.07777777777777778
4 0.2640625 0.33125 0.021875 0.06111111111111111
4 0.683203125 0.27361111111111114 0.02421875 0.07222222222222222
4 0.599609375 0.20069444444444445 0.03046875 0.06805555555555555
4 0.555078125 0.2673611111111111 0.02890625 0.09861111111111111
4 0.303515625 0.30625 0.0234375 0.08194444444444444
4 0.3515625 0.24166666666666667 0.0171875 0.04722222222222222