4 0.430859375 0.35138888888888886 0.02265625 0.06388888888888888
4 0.198828125 0.3375 0.02109375 0.06388888888888888
5 0.65234375 0.8826388888888889 0.184375 0.23194444444444445
5 0.690234375 0.5763888888888888 0.12421875 0.18888888888888888
5 0.517578125 0.35138888888888886 0.046875 0.07222222222222222
5 0.596484375 0.32222222222222224 0.04765625 0.06388888888888888
5 0.6109375 0.4111111111111111 0.065625 0.10555555555555556
5 0.54453125 0.47847222222222224 0.0859375 0.16527777777777777
5 0.523828125 0.29583333333333334 0.04140625 0.058333333333333334
5 0.325 0.44722222222222224 0.06484375 0.12361111111111112
5 0.629296875 0.2638888888888889 0.04375 0.05555555555555555
6 0.877734375 0.8576388888888888 0.24296875 0.28194444444444444
7 0.610546875 0.20069444444444445 0.11328125 0.075