4 0.3265625 0.3972222222222222 0.0328125 0.125
4 0.297265625 0.3625 0.02734375 0.07083333333333333
4 0.233203125 0.4013888888888889 0.03359375 0.1
4 0.071484375 0.3902777777777778 0.04609375 0.06944444444444445
4 0.7578125 0.5493055555555556 0.06328125 0.14444444444444443
4 0.351953125 0.28888888888888886 0.02734375 0.08055555555555556
4 0.6578125 0.22708333333333333 0.0140625 0.05416666666666667
4 0.62578125 0.22916666666666666 0.0140625 0.04722222222222222
4 0.64453125 0.22847222222222222 0.0171875 0.05694444444444444
4 0.23046875 0.55 0.0484375 0.1361111111111111
4 0.570703125 0.3951388888888889 0.02734375 0.07777777777777778