4 0.678515625 0.6118055555555556 0.05234375 0.18611111111111112
4 0.781640625 0.4534722222222222 0.04453125 0.13472222222222222
5 0.566015625 0.30277777777777776 0.06796875 0.1
4 0.3140625 0.45416666666666666 0.03359375 0.11388888888888889
4 0.35859375 0.33125 0.0265625 0.09027777777777778
4 0.2609375 0.42916666666666664 0.03125 0.10555555555555556
4 0.188671875 0.6548611111111111 0.05703125 0.1736111111111111
4 0.08828125 0.40208333333333335 0.07734375 0.07361111111111111
4 0.298046875 0.27152777777777776 0.02734375 0.08194444444444444
4 0.3984375 0.2798611111111111 0.0265625 0.0763888888888889
4 0.370703125 0.2375 0.02578125 0.07222222222222222
4 0.23046875 0.41875 0.0328125 0.11527777777777778
4 0.437109375 0.2638888888888889 0.01484375 0.06388888888888888
4 0.3984375 0.20347222222222222 0.0203125 0.058333333333333334
4 0.61640625 0.2125 0.0234375 0.06111111111111111
4 0.5921875 0.2298611111111111 0.01640625 0.0625