5 0.396875 0.4354166666666667 0.0734375 0.17083333333333334
4 0.30859375 0.4222222222222222 0.05 0.09722222222222222
4 0.308984375 0.49375 0.03515625 0.11805555555555555
4 0.243359375 0.4736111111111111 0.03671875 0.09861111111111111
4 0.15078125 0.44722222222222224 0.0546875 0.10555555555555556
4 0.184375 0.7416666666666667 0.090625 0.12777777777777777
4 0.08359375 0.7743055555555556 0.06875 0.1486111111111111
4 0.076171875 0.3888888888888889 0.05703125 0.075
4 0.212890625 0.28402777777777777 0.065625 0.06666666666666667
4 0.36640625 0.26805555555555555 0.0203125 0.07777777777777778
4 0.190234375 0.5152777777777777 0.0296875 0.10277777777777777
4 0.5625 0.28125 0.0171875 0.0763888888888889