4 0.29609375 0.35 0.0296875 0.09444444444444444
4 0.349609375 0.30833333333333335 0.01953125 0.07222222222222222
4 0.384765625 0.3111111111111111 0.02265625 0.05555555555555555
4 0.2296875 0.4131944444444444 0.028125 0.08472222222222223
4 0.177734375 0.5506944444444445 0.05234375 0.11527777777777778
4 0.08046875 0.4041666666666667 0.0671875 0.08194444444444444
5 0.683984375 0.44513888888888886 0.09296875 0.11944444444444445
4 0.785546875 0.5270833333333333 0.03984375 0.1
4 0.706640625 0.3590277777777778 0.02421875 0.0875
4 0.6828125 0.2916666666666667 0.0234375 0.08055555555555556
5 0.579296875 0.26458333333333334 0.04453125 0.07083333333333333
4 0.899609375 0.8236111111111111 0.06328125 0.19444444444444445
4 0.307421875 0.2923611111111111 0.02265625 0.059722222222222225
4 0.342578125 0.2826388888888889 0.01484375 0.05555555555555555
4 0.399609375 0.24791666666666667 0.01328125 0.05138888888888889
4 0.371484375 0.2659722222222222 0.0140625 0.059722222222222225
5 0.461328125 0.23819444444444443 0.03984375 0.0763888888888889
4 0.534375 0.22083333333333333 0.015625 0.058333333333333334