4 0.60546875 0.2916666666666667 0.021875 0.0763888888888889
4 0.616796875 0.2423611111111111 0.01953125 0.04861111111111111
4 0.3390625 0.3597222222222222 0.028125 0.07777777777777778
4 0.29609375 0.3861111111111111 0.0328125 0.08888888888888889
4 0.309375 0.3277777777777778 0.0234375 0.06111111111111111
4 0.2359375 0.5604166666666667 0.046875 0.11527777777777778
4 0.077734375 0.3972222222222222 0.03984375 0.041666666666666664
4 0.3421875 0.27569444444444446 0.028125 0.05694444444444444
4 0.3625 0.2881944444444444 0.0125 0.04861111111111111
4 0.383984375 0.25 0.02734375 0.058333333333333334
4 0.391015625 0.2 0.01796875 0.04861111111111111