5 0.382421875 0.6201388888888889 0.1 0.22777777777777777
4 0.084375 0.40555555555555556 0.065625 0.08055555555555556
4 0.2109375 0.28194444444444444 0.0546875 0.058333333333333334
4 0.261328125 0.4048611111111111 0.034375 0.08333333333333333
4 0.18125 0.5798611111111112 0.053125 0.13472222222222222
4 0.128125 0.5513888888888889 0.0484375 0.125
4 0.15703125 0.47152777777777777 0.03203125 0.08194444444444444
4 0.080859375 0.6902777777777778 0.06015625 0.16666666666666666
4 0.31953125 0.3645833333333333 0.021875 0.08888888888888889
4 0.33828125 0.4423611111111111 0.0296875 0.11666666666666667
4 0.369921875 0.35208333333333336 0.01796875 0.0763888888888889
4 0.641015625 0.2916666666666667 0.0421875 0.09166666666666666
4 0.3625 0.27569444444444446 0.028125 0.05694444444444444
4 0.316796875 0.275 0.02890625 0.06666666666666667
4 0.267578125 0.3451388888888889 0.02265625 0.07777777777777778
4 0.39296875 0.25972222222222224 0.0234375 0.07222222222222222
4 0.368359375 0.21736111111111112 0.01640625 0.05