4 0.70625 0.3138888888888889 0.01875 0.06111111111111111
5 0.610546875 0.7701388888888889 0.15234375 0.30416666666666664
5 0.85546875 0.8909722222222223 0.2296875 0.2152777777777778
5 0.699609375 0.5625 0.13671875 0.2
5 0.533203125 0.42083333333333334 0.07421875 0.13333333333333333
5 0.603515625 0.2861111111111111 0.03984375 0.06388888888888888
5 0.60234375 0.34930555555555554 0.0453125 0.07361111111111111
5 0.6359375 0.41041666666666665 0.0625 0.10416666666666667
5 0.643359375 0.26319444444444445 0.0484375 0.05555555555555555
6 0.39140625 0.21180555555555555 0.13125 0.09583333333333334
6 0.7296875 0.22916666666666666 0.12421875 0.09166666666666666
7 0.61015625 0.2375 0.053125 0.075