5 0.549609375 0.3013888888888889 0.05234375 0.10277777777777777
4 0.63359375 0.3472222222222222 0.0328125 0.06944444444444445
4 0.340625 0.3701388888888889 0.03125 0.10138888888888889
4 0.261328125 0.48541666666666666 0.05546875 0.12361111111111112
4 0.39296875 0.30833333333333335 0.0234375 0.08472222222222223
4 0.330078125 0.28541666666666665 0.0265625 0.08472222222222223
4 0.36796875 0.26944444444444443 0.0203125 0.075
4 0.3578125 0.24027777777777778 0.01875 0.0625
4 0.619140625 0.23541666666666666 0.0171875 0.05
4 0.6046875 0.28125 0.0203125 0.05694444444444444
7 0.5484375 0.19375 0.059375 0.12916666666666668