4 0.307421875 0.48055555555555557 0.03515625 0.10555555555555556
4 0.233984375 0.5680555555555555 0.04296875 0.1527777777777778
4 0.14765625 0.6118055555555556 0.05 0.10416666666666667
4 0.080078125 0.4097222222222222 0.06484375 0.06527777777777778
4 0.198046875 0.2826388888888889 0.03828125 0.044444444444444446
4 0.24609375 0.3902777777777778 0.034375 0.1
4 0.276953125 0.39791666666666664 0.025 0.06805555555555555
4 0.30859375 0.36527777777777776 0.03046875 0.08055555555555556
4 0.333203125 0.30069444444444443 0.02734375 0.0763888888888889
4 0.380859375 0.32430555555555557 0.0234375 0.08333333333333333
5 0.434765625 0.35208333333333336 0.05546875 0.12361111111111112
4 0.7609375 0.5479166666666667 0.04375 0.12083333333333333
4 0.66171875 0.23819444444444443 0.015625 0.05416666666666667
4 0.536328125 0.28541666666666665 0.01875 0.05694444444444444
4 0.411328125 0.25277777777777777 0.02109375 0.06111111111111111
4 0.384375 0.24722222222222223 0.01796875 0.06111111111111111
4 0.363671875 0.22777777777777777 0.01640625 0.059722222222222225