7 0.616796875 0.45694444444444443 0.17109375 0.4111111111111111
4 0.79765625 0.5319444444444444 0.0375 0.12777777777777777
4 0.9265625 0.7520833333333333 0.0609375 0.15694444444444444
4 0.729296875 0.5013888888888889 0.03828125 0.13333333333333333
4 0.718359375 0.3888888888888889 0.03203125 0.08333333333333333
4 0.698828125 0.3104166666666667 0.02734375 0.0625
5 0.539453125 0.3173611111111111 0.04375 0.0875
4 0.23984375 0.4 0.04609375 0.10555555555555556
4 0.1796875 0.5208333333333334 0.0375 0.08333333333333333
4 0.284375 0.33611111111111114 0.04375 0.1111111111111111
4 0.3234375 0.30833333333333335 0.01953125 0.07083333333333333
4 0.071484375 0.3993055555555556 0.05546875 0.08055555555555556
4 0.367578125 0.21180555555555555 0.01796875 0.09027777777777778