6 0.676171875 0.46944444444444444 0.12890625 0.22777777777777777
4 0.851171875 0.5590277777777778 0.04765625 0.14305555555555555
4 0.91328125 0.8173611111111111 0.06171875 0.2
5 0.6078125 0.26875 0.04375 0.06805555555555555
4 0.675390625 0.3263888888888889 0.02578125 0.06944444444444445
5 0.4296875 0.37777777777777777 0.0734375 0.14166666666666666
4 0.276953125 0.49027777777777776 0.03046875 0.11944444444444445
4 0.303515625 0.4048611111111111 0.03671875 0.10277777777777777
4 0.269140625 0.3611111111111111 0.01953125 0.08333333333333333
4 0.146484375 0.6472222222222223 0.06640625 0.14444444444444443
4 0.22109375 0.5256944444444445 0.0546875 0.1375
4 0.082421875 0.39791666666666664 0.06015625 0.09583333333333334
4 0.35859375 0.3104166666666667 0.0171875 0.0763888888888889
4 0.334375 0.28958333333333336 0.025 0.06805555555555555
4 0.378125 0.25069444444444444 0.021875 0.06388888888888888
4 0.48125 0.26458333333333334 0.04375 0.06527777777777778
4 0.138671875 0.8395833333333333 0.07109375 0.24027777777777778
4 0.300390625 0.30277777777777776 0.01796875 0.08888888888888889
4 0.34765625 0.24375 0.0140625 0.05138888888888889
4 0.394921875 0.26319444444444445 0.01484375 0.0625
4 0.730078125 0.39375 0.02578125 0.0763888888888889