4 0.010546875 0.6020833333333333 0.02109375 0.14027777777777778
5 0.58671875 0.6423611111111112 0.10625 0.2
5 0.6265625 0.4201388888888889 0.0640625 0.10416666666666667
5 0.526171875 0.3125 0.04453125 0.06111111111111111
5 0.531640625 0.38263888888888886 0.06015625 0.10416666666666667
5 0.596484375 0.34097222222222223 0.04296875 0.06527777777777778
5 0.54296875 0.2722222222222222 0.0453125 0.05138888888888889
5 0.605859375 0.29097222222222224 0.03984375 0.059722222222222225
6 0.72734375 0.6034722222222222 0.16171875 0.26805555555555555
6 0.783984375 0.8840277777777777 0.31484375 0.22916666666666666
7 0.636328125 0.21041666666666667 0.11953125 0.10277777777777777