7 0.62734375 0.25763888888888886 0.05390625 0.07777777777777778
5 0.62421875 0.9194444444444444 0.1609375 0.15833333333333333
5 0.573828125 0.6645833333333333 0.13671875 0.25416666666666665
5 0.523828125 0.33958333333333335 0.05390625 0.07361111111111111
5 0.570703125 0.31180555555555556 0.040625 0.06388888888888888
5 0.576953125 0.26180555555555557 0.03359375 0.04583333333333333
5 0.719140625 0.2326388888888889 0.03828125 0.04027777777777778
4 0.146875 0.42986111111111114 0.0359375 0.10277777777777777
4 0.715625 0.36319444444444443 0.021875 0.04861111111111111
6 0.71328125 0.5652777777777778 0.1359375 0.24444444444444444
4 0.221484375 0.2923611111111111 0.0234375 0.07222222222222222