4 0.627734375 0.6923611111111111 0.05234375 0.18333333333333332
4 0.8078125 0.7430555555555556 0.07265625 0.25555555555555554
4 0.584765625 0.5527777777777778 0.05703125 0.15555555555555556
4 0.69296875 0.3875 0.0390625 0.12222222222222222
4 0.7140625 0.3298611111111111 0.034375 0.09583333333333334
7 0.296484375 0.6423611111111112 0.33671875 0.7041666666666667
4 0.203515625 0.42083333333333334 0.03046875 0.08611111111111111
4 0.1765625 0.5020833333333333 0.03515625 0.08055555555555556
4 0.319140625 0.2847222222222222 0.0265625 0.07222222222222222
4 0.3703125 0.2361111111111111 0.0234375 0.06388888888888888
4 0.07890625 0.39305555555555555 0.0671875 0.08611111111111111
4 0.2125 0.28541666666666665 0.0484375 0.05138888888888889
4 0.542578125 0.33402777777777776 0.02734375 0.08472222222222223
4 0.046484375 0.6805555555555556 0.06484375 0.17222222222222222
4 0.255859375 0.3625 0.02734375 0.075
4 0.68671875 0.2763888888888889 0.02109375 0.07777777777777778