4 0.86171875 0.5604166666666667 0.0484375 0.12916666666666668
4 0.0265625 0.6701388888888888 0.053125 0.1763888888888889
4 0.13671875 0.3763888888888889 0.0234375 0.09722222222222222
5 0.566015625 0.6013888888888889 0.10390625 0.21388888888888888
5 0.6203125 0.41041666666666665 0.06484375 0.1125
5 0.682421875 0.5319444444444444 0.10546875 0.15555555555555556
5 0.848046875 0.8388888888888889 0.23515625 0.3138888888888889
5 0.586328125 0.3236111111111111 0.04609375 0.06944444444444445
5 0.706640625 0.22777777777777777 0.0359375 0.044444444444444446
5 0.6109375 0.2777777777777778 0.05 0.06666666666666667
5 0.665625 0.24027777777777778 0.0328125 0.03888888888888889
7 0.570703125 0.2465277777777778 0.04765625 0.09444444444444444