4 0.199609375 0.6055555555555555 0.07890625 0.17777777777777778
4 0.297265625 0.3993055555555556 0.0484375 0.12638888888888888
4 0.352734375 0.39861111111111114 0.03203125 0.12361111111111112
4 0.07421875 0.40555555555555556 0.0828125 0.08611111111111111
4 0.2015625 0.275 0.040625 0.043055555555555555
4 0.366015625 0.30486111111111114 0.03984375 0.09444444444444444
4 0.52265625 0.26458333333333334 0.034375 0.07083333333333333
4 0.209375 0.8722222222222222 0.065625 0.2388888888888889
4 0.366796875 0.2326388888888889 0.01640625 0.06527777777777778
4 0.350390625 0.21597222222222223 0.01171875 0.05138888888888889
4 0.762109375 0.5236111111111111 0.04296875 0.13055555555555556