4 0.267578125 0.39652777777777776 0.03046875 0.11527777777777778
4 0.076953125 0.3993055555555556 0.05859375 0.07361111111111111
4 0.13984375 0.6472222222222223 0.0515625 0.18611111111111112
4 0.584765625 0.5416666666666666 0.04140625 0.11388888888888889
4 0.662890625 0.40694444444444444 0.03984375 0.125
4 0.755859375 0.5548611111111111 0.04609375 0.13472222222222222
6 0.57265625 0.29375 0.090625 0.2
4 0.353515625 0.2625 0.02890625 0.08333333333333333
5 0.834765625 0.8777777777777778 0.24296875 0.24166666666666667
4 0.41953125 0.22291666666666668 0.0171875 0.05555555555555555
5 0.464453125 0.23541666666666666 0.03984375 0.07083333333333333