4 0.149609375 0.23958333333333334 0.01953125 0.05416666666666667
4 0.776953125 0.41944444444444445 0.03046875 0.09166666666666666
5 0.60390625 0.35138888888888886 0.04609375 0.08611111111111111
5 0.533203125 0.22916666666666666 0.05703125 0.05277777777777778
5 0.61875 0.24027777777777778 0.0421875 0.04722222222222222
5 0.380078125 0.21597222222222223 0.05234375 0.04722222222222222
5 0.68828125 0.2520833333333333 0.0375 0.04861111111111111
6 0.759375 0.6701388888888888 0.20625 0.35694444444444445
6 0.555078125 0.46458333333333335 0.09765625 0.21944444444444444
6 0.603515625 0.29375 0.05703125 0.10416666666666667
5 0.519921875 0.3173611111111111 0.03984375 0.06527777777777778