4 0.684765625 0.4131944444444444 0.04609375 0.11805555555555555
4 0.910546875 0.7131944444444445 0.065625 0.17222222222222222
5 0.413671875 0.4444444444444444 0.07421875 0.18055555555555555
6 0.5671875 0.31180555555555556 0.09375 0.20833333333333334
4 0.23671875 0.4875 0.04375 0.1361111111111111
4 0.194140625 0.4965277777777778 0.03046875 0.09444444444444444
4 0.084375 0.4173611111111111 0.059375 0.08194444444444444
4 0.35234375 0.37569444444444444 0.0359375 0.0875
4 0.325 0.30833333333333335 0.028125 0.07222222222222222
4 0.29140625 0.3215277777777778 0.028125 0.09166666666666666
4 0.240625 0.3819444444444444 0.01875 0.075
4 0.2625 0.4222222222222222 0.03125 0.09722222222222222
4 0.362109375 0.28958333333333336 0.02578125 0.07083333333333333
4 0.39140625 0.33611111111111114 0.0328125 0.08333333333333333
4 0.162890625 0.7944444444444444 0.08203125 0.1875
4 0.058984375 0.7618055555555555 0.06796875 0.1597222222222222
4 0.41875 0.2388888888888889 0.01875 0.06388888888888888
4 0.371484375 0.23125 0.01484375 0.05277777777777778
4 0.377734375 0.19652777777777777 0.015625 0.06111111111111111