4 0.320703125 0.4486111111111111 0.03515625 0.1361111111111111
4 0.40546875 0.4361111111111111 0.0296875 0.10833333333333334
4 0.37421875 0.3104166666666667 0.021875 0.05694444444444444
4 0.40625 0.2881944444444444 0.0171875 0.06527777777777778
4 0.463671875 0.2923611111111111 0.02421875 0.05138888888888889
5 0.547265625 0.26666666666666666 0.05390625 0.11944444444444445
4 0.667578125 0.2798611111111111 0.01484375 0.05555555555555555
4 0.158984375 0.5368055555555555 0.03203125 0.12638888888888888
4 0.37890625 0.25416666666666665 0.01796875 0.05
4 0.40546875 0.22777777777777777 0.0171875 0.04583333333333333
4 0.37265625 0.2152777777777778 0.0140625 0.03611111111111111