4 0.320703125 0.4798611111111111 0.02421875 0.10416666666666667
4 0.260546875 0.4152777777777778 0.03203125 0.08888888888888889
4 0.261328125 0.5263888888888889 0.04140625 0.1
4 0.34140625 0.3145833333333333 0.0265625 0.07916666666666666
4 0.394921875 0.29444444444444445 0.02421875 0.06666666666666667
4 0.53828125 0.2659722222222222 0.0515625 0.08472222222222223
4 0.584375 0.2833333333333333 0.0234375 0.07777777777777778
7 0.54375 0.17152777777777778 0.0484375 0.10972222222222222
4 0.161328125 0.5840277777777778 0.04765625 0.15694444444444444
4 0.1203125 0.5354166666666667 0.04375 0.12916666666666668
4 0.375390625 0.25625 0.0203125 0.07083333333333333
4 0.340625 0.2423611111111111 0.015625 0.05694444444444444
4 0.578125 0.24375 0.021875 0.04583333333333333
4 0.419921875 0.25555555555555554 0.01640625 0.058333333333333334
4 0.39296875 0.22916666666666666 0.0171875 0.06388888888888888