4 0.619140625 0.5631944444444444 0.0796875 0.17083333333333334
4 0.311328125 0.3888888888888889 0.03359375 0.11666666666666667
4 0.342578125 0.30277777777777776 0.03046875 0.07777777777777778
4 0.3109375 0.2659722222222222 0.0203125 0.08194444444444444
4 0.07578125 0.40347222222222223 0.0625 0.08472222222222223
4 0.2171875 0.2881944444444444 0.046875 0.0625
4 0.637109375 0.30277777777777776 0.03984375 0.10555555555555556
4 0.68984375 0.2965277777777778 0.025 0.08055555555555556
4 0.672265625 0.2590277777777778 0.02734375 0.08194444444444444
4 0.33984375 0.25833333333333336 0.025 0.06944444444444445
4 0.3671875 0.23472222222222222 0.015625 0.04722222222222222
5 0.44375 0.22916666666666666 0.040625 0.06527777777777778