4 0.125390625 0.22430555555555556 0.0203125 0.05416666666666667
5 0.74296875 0.6958333333333333 0.134375 0.20277777777777778
5 0.611328125 0.48055555555555557 0.08203125 0.13472222222222222
5 0.06640625 0.8201388888888889 0.1328125 0.35694444444444445
5 0.58984375 0.34791666666666665 0.05 0.07916666666666666
5 0.66640625 0.25625 0.03359375 0.04861111111111111
5 0.580078125 0.22361111111111112 0.040625 0.041666666666666664
5 0.651953125 0.2263888888888889 0.03671875 0.041666666666666664
6 0.406640625 0.21388888888888888 0.12265625 0.09722222222222222
6 0.61328125 0.27291666666666664 0.05 0.06805555555555555
6 0.51953125 0.2923611111111111 0.059375 0.11805555555555555