7 0.314453125 0.2902777777777778 0.04609375 0.14027777777777778
7 0.60234375 0.3 0.06484375 0.13472222222222222
7 0.60546875 0.20902777777777778 0.0703125 0.07361111111111111
5 0.553515625 0.5256944444444445 0.09921875 0.15694444444444444
5 0.660546875 0.4951388888888889 0.10390625 0.11388888888888889
5 0.632421875 0.8826388888888889 0.17265625 0.23194444444444445
5 0.86015625 0.8756944444444444 0.2515625 0.24583333333333332
5 0.52578125 0.3736111111111111 0.04921875 0.08055555555555556
5 0.621875 0.40208333333333335 0.0703125 0.09861111111111111
5 0.521875 0.3125 0.0453125 0.05277777777777778
5 0.552734375 0.2590277777777778 0.03671875 0.05694444444444444
5 0.35234375 0.2111111111111111 0.0578125 0.05555555555555555
5 0.645703125 0.24791666666666667 0.0390625 0.04861111111111111
5 0.69765625 0.24305555555555555 0.034375 0.03333333333333333