7 0.686328125 0.5083333333333333 0.14140625 0.2722222222222222
5 0.566796875 0.5909722222222222 0.10234375 0.17083333333333334
5 0.86875 0.9090277777777778 0.2375 0.17916666666666667
5 0.52421875 0.37569444444444444 0.04375 0.07916666666666666
5 0.60390625 0.34097222222222223 0.0546875 0.059722222222222225
5 0.599609375 0.29583333333333334 0.0390625 0.058333333333333334
5 0.526171875 0.2986111111111111 0.03984375 0.058333333333333334
5 0.53984375 0.2673611111111111 0.0375 0.05416666666666667
5 0.5859375 0.2465277777777778 0.0359375 0.0375
5 0.405078125 0.22361111111111112 0.05390625 0.03888888888888889
4 0.157421875 0.25555555555555554 0.01953125 0.05555555555555555
4 0.69140625 0.30069444444444443 0.0125 0.04861111111111111