5 0.5796875 0.29305555555555557 0.046875 0.08333333333333333
5 0.735546875 0.8923611111111112 0.1734375 0.2152777777777778
4 0.590625 0.4847222222222222 0.0375 0.11666666666666667
4 0.63359375 0.4215277777777778 0.025 0.08472222222222223
4 0.77734375 0.5326388888888889 0.0421875 0.12361111111111112
4 0.639453125 0.28888888888888886 0.01875 0.07083333333333333
4 0.328515625 0.3770833333333333 0.03203125 0.09583333333333334
4 0.2703125 0.36666666666666664 0.0203125 0.08611111111111111
4 0.216015625 0.49375 0.02578125 0.10694444444444444
4 0.344140625 0.2902777777777778 0.02109375 0.06666666666666667
4 0.35390625 0.22847222222222222 0.01875 0.05277777777777778
4 0.38828125 0.22291666666666668 0.015625 0.05694444444444444
4 0.25859375 0.6152777777777778 0.046875 0.17222222222222222
4 0.18359375 0.68125 0.05546875 0.1763888888888889