7 0.326953125 0.5993055555555555 0.31171875 0.7986111111111112
6 0.58984375 0.40625 0.128125 0.3236111111111111
4 0.078125 0.40555555555555556 0.06640625 0.09444444444444444
4 0.291015625 0.30416666666666664 0.0171875 0.06111111111111111
4 0.4171875 0.22916666666666666 0.0171875 0.044444444444444446
4 0.440234375 0.23819444444444443 0.0203125 0.043055555555555555
4 0.63359375 0.3013888888888889 0.025 0.07777777777777778
4 0.6546875 0.22361111111111112 0.015625 0.05555555555555555
4 0.596484375 0.19930555555555557 0.01953125 0.059722222222222225
4 0.616796875 0.19027777777777777 0.01484375 0.04722222222222222
4 0.635546875 0.20694444444444443 0.02109375 0.06666666666666667