5 0.694921875 0.7527777777777778 0.1703125 0.33611111111111114
4 0.703515625 0.3784722222222222 0.04921875 0.10694444444444444
4 0.378515625 0.33958333333333335 0.03203125 0.09305555555555556
4 0.340234375 0.34652777777777777 0.0296875 0.08194444444444444
4 0.27109375 0.37083333333333335 0.028125 0.07222222222222222
4 0.234375 0.36319444444444443 0.0375 0.07361111111111111
4 0.254296875 0.4652777777777778 0.0578125 0.11944444444444445
4 0.081640625 0.40625 0.06640625 0.08472222222222223
4 0.7046875 0.3104166666666667 0.0390625 0.08194444444444444
4 0.3375 0.27847222222222223 0.0203125 0.0763888888888889
4 0.3796875 0.1951388888888889 0.0140625 0.05555555555555555
4 0.40078125 0.21736111111111112 0.0140625 0.05416666666666667