4 0.653125 0.28888888888888886 0.015625 0.06111111111111111
4 0.67109375 0.2722222222222222 0.021875 0.07083333333333333
4 0.262109375 0.4222222222222222 0.0390625 0.10277777777777777
4 0.240234375 0.5006944444444444 0.03203125 0.12638888888888888
4 0.220703125 0.3840277777777778 0.0296875 0.1125
4 0.30234375 0.3423611111111111 0.0265625 0.09722222222222222
4 0.333984375 0.33611111111111114 0.0203125 0.075
4 0.3640625 0.30069444444444443 0.0375 0.06805555555555555
4 0.083984375 0.40902777777777777 0.0546875 0.08472222222222223
4 0.20078125 0.2798611111111111 0.0265625 0.04583333333333333
4 0.60546875 0.20972222222222223 0.015625 0.058333333333333334
4 0.627734375 0.21597222222222223 0.0125 0.05694444444444444
4 0.640234375 0.2465277777777778 0.01796875 0.05416666666666667
4 0.3203125 0.28402777777777777 0.02265625 0.07361111111111111
4 0.1203125 0.3486111111111111 0.0296875 0.08611111111111111