4 0.815625 0.4909722222222222 0.0375 0.12361111111111112
4 0.872265625 0.5340277777777778 0.04765625 0.16527777777777777
4 0.71015625 0.33125 0.0296875 0.09027777777777778
4 0.6640625 0.30277777777777776 0.03125 0.07777777777777778
4 0.68203125 0.30277777777777776 0.0203125 0.08888888888888889
4 0.632421875 0.2826388888888889 0.01640625 0.0763888888888889
4 0.6140625 0.28888888888888886 0.021875 0.06666666666666667
5 0.557421875 0.27847222222222223 0.05859375 0.12916666666666668
4 0.08515625 0.4111111111111111 0.0578125 0.06805555555555555
4 0.175390625 0.3 0.04453125 0.0625
4 0.901171875 0.8958333333333334 0.07109375 0.20555555555555555
4 0.23984375 0.43333333333333335 0.028125 0.10833333333333334