5 0.3984375 0.4173611111111111 0.065625 0.12083333333333333
4 0.2703125 0.5104166666666666 0.0453125 0.12083333333333333
4 0.2296875 0.46458333333333335 0.028125 0.10277777777777777
4 0.13359375 0.5666666666666667 0.0375 0.1111111111111111
4 0.256640625 0.3659722222222222 0.02890625 0.0763888888888889
4 0.284765625 0.3902777777777778 0.025 0.08333333333333333
4 0.322265625 0.3541666666666667 0.02578125 0.09166666666666666
4 0.304296875 0.3159722222222222 0.01953125 0.07777777777777778
4 0.37421875 0.28888888888888886 0.0171875 0.058333333333333334
5 0.444140625 0.29097222222222224 0.04765625 0.09583333333333334
5 0.326953125 0.775 0.18984375 0.41388888888888886
5 0.55703125 0.3111111111111111 0.0453125 0.08055555555555556
4 0.145703125 0.47708333333333336 0.03828125 0.10138888888888889
4 0.348828125 0.2826388888888889 0.02109375 0.05416666666666667
4 0.3375 0.24166666666666667 0.0140625 0.03888888888888889
4 0.373828125 0.25069444444444444 0.01796875 0.043055555555555555
4 0.396484375 0.24930555555555556 0.02109375 0.059722222222222225