5 0.59375 0.5465277777777777 0.1125 0.17916666666666667
5 0.830078125 0.7270833333333333 0.17734375 0.3236111111111111
5 0.63125 0.8479166666666667 0.165625 0.3013888888888889
7 0.56875 0.3597222222222222 0.0765625 0.16111111111111112
5 0.68046875 0.4 0.0953125 0.1361111111111111
4 0.636328125 0.275 0.01953125 0.08611111111111111
4 0.654296875 0.27361111111111114 0.02109375 0.058333333333333334
4 0.68515625 0.3034722222222222 0.0234375 0.0763888888888889
4 0.746875 0.35208333333333336 0.04921875 0.09305555555555556
5 0.413671875 0.3951388888888889 0.06015625 0.1375
4 0.155078125 0.575 0.04453125 0.14166666666666666
4 0.08359375 0.41180555555555554 0.05625 0.059722222222222225
4 0.2140625 0.28402777777777777 0.0546875 0.04027777777777778
4 0.36640625 0.24305555555555555 0.01875 0.06388888888888888