5 0.273828125 0.5173611111111112 0.09453125 0.1736111111111111
5 0.56875 0.5534722222222223 0.0984375 0.15138888888888888
5 0.6296875 0.93125 0.16875 0.13472222222222222
5 0.53515625 0.34791666666666665 0.053125 0.09861111111111111
5 0.60703125 0.28541666666666665 0.0421875 0.059722222222222225
5 0.642578125 0.24930555555555556 0.03828125 0.04027777777777778
5 0.6515625 0.2152777777777778 0.05625 0.03888888888888889
5 0.2765625 0.3576388888888889 0.040625 0.0763888888888889
4 0.3296875 0.3104166666666667 0.015625 0.05416666666666667
7 0.228515625 0.3 0.05703125 0.15
6 0.807421875 0.6597222222222222 0.27421875 0.48055555555555557