5 0.6140625 0.4875 0.1109375 0.175
4 0.738671875 0.5993055555555555 0.0390625 0.12777777777777777
4 0.733203125 0.38680555555555557 0.03671875 0.10138888888888889
4 0.682421875 0.2847222222222222 0.0234375 0.06944444444444445
4 0.650390625 0.3 0.02265625 0.06388888888888888
4 0.5359375 0.34930555555555554 0.0421875 0.1125
5 0.43203125 0.3402777777777778 0.059375 0.09722222222222222
4 0.31015625 0.37569444444444444 0.0296875 0.10416666666666667
5 0.237890625 0.6298611111111111 0.14609375 0.32083333333333336
4 0.073046875 0.6340277777777777 0.07890625 0.12777777777777777
4 0.256640625 0.35555555555555557 0.02890625 0.1
4 0.2375 0.42291666666666666 0.0453125 0.10277777777777777
4 0.07734375 0.4076388888888889 0.0546875 0.06527777777777778
4 0.204296875 0.28958333333333336 0.04765625 0.05
4 0.958984375 0.8090277777777778 0.08046875 0.21805555555555556
4 0.675390625 0.40902777777777777 0.0328125 0.09861111111111111
4 0.384375 0.26875 0.01953125 0.08611111111111111
4 0.65 0.3625 0.0171875 0.08055555555555556