5 0.569921875 0.47638888888888886 0.07890625 0.15
5 0.66640625 0.8604166666666667 0.1609375 0.2569444444444444
5 0.55234375 0.3159722222222222 0.0625 0.10138888888888889
5 0.5984375 0.23680555555555555 0.04375 0.07916666666666666
4 0.073828125 0.7041666666666667 0.06484375 0.1486111111111111
4 0.0734375 0.38680555555555557 0.05625 0.06527777777777778
4 0.21171875 0.2881944444444444 0.0515625 0.04861111111111111
4 0.33125 0.28888888888888886 0.01875 0.075
4 0.35546875 0.28055555555555556 0.0171875 0.08055555555555556
4 0.3765625 0.2861111111111111 0.0203125 0.0625
4 0.41015625 0.2708333333333333 0.021875 0.06944444444444445
4 0.4515625 0.28888888888888886 0.0296875 0.06388888888888888
4 0.66484375 0.41944444444444445 0.028125 0.10555555555555556
4 0.675390625 0.31527777777777777 0.02578125 0.075
4 0.75390625 0.5652777777777778 0.0453125 0.12638888888888888
4 0.94453125 0.7763888888888889 0.0484375 0.11944444444444445
4 0.611328125 0.31666666666666665 0.02578125 0.08611111111111111
4 0.67421875 0.24375 0.0203125 0.0625
4 0.394140625 0.36180555555555555 0.0203125 0.07361111111111111
7 0.534375 0.2222222222222222 0.0515625 0.10555555555555556