5 0.566796875 0.5645833333333333 0.09140625 0.1625
5 0.52734375 0.36180555555555555 0.0578125 0.10416666666666667
5 0.598046875 0.32222222222222224 0.04609375 0.06388888888888888
5 0.61796875 0.38263888888888886 0.05546875 0.08333333333333333
5 0.61484375 0.28194444444444444 0.0359375 0.05
5 0.5546875 0.26805555555555555 0.0421875 0.05277777777777778
5 0.528515625 0.3013888888888889 0.040625 0.05416666666666667
5 0.690625 0.24027777777777778 0.03046875 0.041666666666666664
6 0.682421875 0.5180555555555556 0.134375 0.1875
6 0.744921875 0.7743055555555556 0.36484375 0.4486111111111111
7 0.6359375 0.20277777777777778 0.1109375 0.1
5 0.219921875 0.2972222222222222 0.05546875 0.08888888888888889