5 0.641796875 0.5534722222222223 0.0828125 0.1736111111111111
4 0.696875 0.38819444444444445 0.0296875 0.09583333333333334
4 0.83515625 0.6729166666666667 0.0546875 0.17222222222222222
5 0.56875 0.24930555555555556 0.0375 0.05694444444444444
4 0.597265625 0.3263888888888889 0.02265625 0.08333333333333333
4 0.298046875 0.3729166666666667 0.03203125 0.1
4 0.246484375 0.5305555555555556 0.0375 0.14444444444444443
4 0.3671875 0.275 0.025 0.07777777777777778
4 0.31640625 0.28194444444444444 0.025 0.075
4 0.611328125 0.23194444444444445 0.01796875 0.05277777777777778
4 0.183203125 0.4979166666666667 0.03671875 0.12916666666666668