4 0.6765625 0.3875 0.02890625 0.09444444444444444
4 0.693359375 0.30486111111111114 0.021875 0.06527777777777778
4 0.554296875 0.2375 0.02265625 0.06666666666666667
4 0.312109375 0.49166666666666664 0.03671875 0.11944444444444445
4 0.341015625 0.3680555555555556 0.03046875 0.08888888888888889
4 0.40390625 0.32916666666666666 0.02578125 0.07777777777777778
4 0.298828125 0.3368055555555556 0.02890625 0.06944444444444445
4 0.259375 0.3840277777777778 0.0265625 0.06805555555555555
4 0.23125 0.3625 0.025 0.08194444444444444
4 0.173046875 0.5916666666666667 0.05390625 0.14444444444444443
5 0.52109375 0.22083333333333333 0.0453125 0.08194444444444444
4 0.297265625 0.40902777777777777 0.03046875 0.10972222222222222
4 0.329296875 0.29444444444444445 0.01484375 0.06388888888888888
4 0.40078125 0.25 0.015625 0.058333333333333334
4 0.369921875 0.25277777777777777 0.0125 0.04722222222222222
4 0.331640625 0.24861111111111112 0.0140625 0.044444444444444446
4 0.35078125 0.2513888888888889 0.0140625 0.04722222222222222
7 0.460546875 0.2048611111111111 0.03984375 0.11944444444444445