4 0.35390625 0.5166666666666667 0.034375 0.13055555555555556
4 0.26640625 0.5555555555555556 0.046875 0.13055555555555556
4 0.165234375 0.5881944444444445 0.05078125 0.12361111111111112
4 0.234765625 0.4722222222222222 0.03046875 0.12222222222222222
4 0.289453125 0.38472222222222224 0.04453125 0.07777777777777778
4 0.305078125 0.3215277777777778 0.02890625 0.075
4 0.326953125 0.2861111111111111 0.01484375 0.058333333333333334
4 0.344921875 0.30972222222222223 0.01484375 0.058333333333333334
4 0.3765625 0.3451388888888889 0.025 0.06944444444444445
4 0.6421875 0.3013888888888889 0.025 0.058333333333333334
4 0.669921875 0.2673611111111111 0.01953125 0.059722222222222225
4 0.076953125 0.3951388888888889 0.05859375 0.058333333333333334
4 0.166796875 0.5020833333333333 0.03515625 0.10277777777777777
7 0.453125 0.24444444444444444 0.0484375 0.13472222222222222
4 0.396875 0.2791666666666667 0.0171875 0.058333333333333334
4 0.362890625 0.26944444444444443 0.01640625 0.05555555555555555
4 0.341796875 0.25416666666666665 0.01328125 0.041666666666666664