4 0.07734375 0.40069444444444446 0.0703125 0.1
4 0.207421875 0.28194444444444444 0.03828125 0.04861111111111111
5 0.389453125 0.5354166666666667 0.128125 0.2652777777777778
4 0.746875 0.3798611111111111 0.0390625 0.09444444444444444
4 0.636328125 0.3 0.02421875 0.07777777777777778
4 0.366796875 0.28958333333333336 0.02265625 0.07916666666666666
5 0.434765625 0.3020833333333333 0.05546875 0.09861111111111111
4 0.17109375 0.5701388888888889 0.046875 0.15694444444444444
4 0.277734375 0.33125 0.02734375 0.0875
4 0.5234375 0.2659722222222222 0.05 0.07083333333333333
4 0.364453125 0.20347222222222222 0.01640625 0.05694444444444444
4 0.399609375 0.24722222222222223 0.015625 0.06388888888888888
4 0.394140625 0.21666666666666667 0.01171875 0.044444444444444446
4 0.597265625 0.21388888888888888 0.021875 0.06666666666666667