4 0.737109375 0.43819444444444444 0.03828125 0.1125
4 0.3171875 0.3958333333333333 0.025 0.10833333333333334
4 0.259375 0.42986111111111114 0.0328125 0.09305555555555556
4 0.275 0.4895833333333333 0.0296875 0.10972222222222222
4 0.177734375 0.59375 0.0546875 0.1388888888888889
4 0.0921875 0.7354166666666667 0.0671875 0.18888888888888888
4 0.146484375 0.8243055555555555 0.07421875 0.24027777777777778
4 0.082421875 0.4013888888888889 0.05859375 0.044444444444444446
4 0.344140625 0.2791666666666667 0.02421875 0.07777777777777778
4 0.49375 0.2611111111111111 0.0375 0.06666666666666667
4 0.369921875 0.2111111111111111 0.015625 0.058333333333333334