5 0.635546875 0.6479166666666667 0.13203125 0.2625
4 0.85546875 0.89375 0.0875 0.20972222222222223
4 0.149609375 0.6118055555555556 0.05859375 0.1625
4 0.2125 0.5513888888888889 0.05625 0.1361111111111111
4 0.210546875 0.44722222222222224 0.04921875 0.1111111111111111
5 0.308984375 0.45069444444444445 0.1046875 0.1638888888888889
5 0.44375 0.27708333333333335 0.0453125 0.07916666666666666
4 0.776953125 0.4576388888888889 0.04921875 0.13472222222222222
4 0.54140625 0.41388888888888886 0.034375 0.125
4 0.683203125 0.4263888888888889 0.05 0.11388888888888889
4 0.7046875 0.5145833333333333 0.0546875 0.12361111111111112
4 0.6890625 0.3013888888888889 0.021875 0.07222222222222222
4 0.65859375 0.3076388888888889 0.0296875 0.0625
4 0.355078125 0.2986111111111111 0.02734375 0.07777777777777778
4 0.3046875 0.33541666666666664 0.0359375 0.08611111111111111
4 0.091796875 0.4041666666666667 0.08828125 0.08333333333333333
4 0.3171875 0.3 0.025 0.07222222222222222