7 0.616796875 0.45694444444444443 0.18828125 0.4305555555555556
4 0.79765625 0.5319444444444444 0.0390625 0.13055555555555556
4 0.9265625 0.7520833333333333 0.059375 0.15555555555555556
4 0.729296875 0.5013888888888889 0.03828125 0.13333333333333333
4 0.718359375 0.3888888888888889 0.034375 0.08888888888888889
4 0.698828125 0.3104166666666667 0.02578125 0.0625
5 0.539453125 0.3173611111111111 0.03984375 0.08194444444444444
4 0.23984375 0.4 0.0421875 0.1
4 0.1796875 0.5208333333333334 0.0359375 0.08055555555555556
4 0.284375 0.33611111111111114 0.04140625 0.10833333333333334
4 0.3234375 0.30833333333333335 0.0203125 0.07222222222222222
4 0.071484375 0.3993055555555556 0.0578125 0.08472222222222223
4 0.367578125 0.21180555555555555 0.02265625 0.09305555555555556