5 0.3953125 0.575 0.121875 0.26944444444444443
4 0.2421875 0.6895833333333333 0.05 0.15694444444444444
4 0.21640625 0.5875 0.0265625 0.07777777777777778
4 0.242578125 0.5013888888888889 0.05703125 0.12777777777777777
4 0.183984375 0.475 0.03515625 0.10833333333333334
4 0.157421875 0.5659722222222222 0.03984375 0.09722222222222222
4 0.11953125 0.6861111111111111 0.0578125 0.1736111111111111
4 0.709375 0.3388888888888889 0.025 0.08611111111111111
4 0.28203125 0.43680555555555556 0.0328125 0.10694444444444444
4 0.274609375 0.3458333333333333 0.02109375 0.06388888888888888
4 0.336328125 0.34444444444444444 0.02578125 0.07222222222222222
4 0.38203125 0.3138888888888889 0.0328125 0.08055555555555556
4 0.43125 0.3013888888888889 0.028125 0.08611111111111111
4 0.076171875 0.3958333333333333 0.05703125 0.08055555555555556
4 0.328125 0.30972222222222223 0.021875 0.06944444444444445
4 0.387890625 0.24513888888888888 0.01875 0.05416666666666667
4 0.333203125 0.24861111111111112 0.01484375 0.04722222222222222
4 0.358203125 0.2326388888888889 0.01484375 0.05555555555555555