4 0.89921875 0.6013888888888889 0.05 0.1361111111111111
4 0.14765625 0.2513888888888889 0.0171875 0.058333333333333334
5 0.58203125 0.6138888888888889 0.1203125 0.2375
5 0.509765625 0.225 0.05078125 0.05277777777777778
5 0.52578125 0.3638888888888889 0.0546875 0.08888888888888889
5 0.551171875 0.25625 0.04296875 0.04583333333333333
5 0.634375 0.2659722222222222 0.04609375 0.058333333333333334
5 0.675390625 0.24375 0.0453125 0.059722222222222225
6 0.695703125 0.5340277777777778 0.13828125 0.2569444444444444
6 0.618359375 0.3625 0.06640625 0.1361111111111111
7 0.618359375 0.21319444444444444 0.06953125 0.06805555555555555