4 0.10546875 0.46597222222222223 0.0390625 0.12777777777777777
5 0.619140625 0.4041666666666667 0.06796875 0.1111111111111111
5 0.533984375 0.22916666666666666 0.05859375 0.05694444444444444
5 0.635546875 0.2701388888888889 0.04140625 0.04861111111111111
5 0.080078125 0.7402777777777778 0.1515625 0.35833333333333334
5 0.579296875 0.25277777777777777 0.04453125 0.04722222222222222
5 0.683984375 0.2423611111111111 0.040625 0.05277777777777778
6 0.603515625 0.7270833333333333 0.18984375 0.38472222222222224
6 0.872265625 0.8548611111111111 0.24765625 0.2875
6 0.60546875 0.32083333333333336 0.0578125 0.09444444444444444
5 0.518359375 0.28402777777777777 0.03828125 0.06111111111111111
5 0.5203125 0.3451388888888889 0.05 0.0875
4 0.710546875 0.32013888888888886 0.01953125 0.06527777777777778