4 0.220703125 0.775 0.10234375 0.21805555555555556
4 0.237890625 0.47152777777777777 0.0515625 0.14027777777777778
4 0.28359375 0.45416666666666666 0.034375 0.13055555555555556
4 0.280859375 0.3645833333333333 0.03359375 0.075
4 0.299609375 0.3173611111111111 0.03671875 0.08611111111111111
4 0.334765625 0.31875 0.0328125 0.0875
4 0.378125 0.32083333333333336 0.0296875 0.08888888888888889
6 0.4328125 0.29305555555555557 0.0765625 0.175
4 0.856640625 0.6381944444444444 0.06171875 0.1625
4 0.76328125 0.40694444444444444 0.034375 0.08611111111111111
4 0.6171875 0.22361111111111112 0.028125 0.07222222222222222
4 0.533203125 0.31805555555555554 0.02421875 0.07777777777777778
4 0.08203125 0.39444444444444443 0.06875 0.09722222222222222
4 0.208203125 0.29097222222222224 0.04921875 0.04861111111111111
4 0.03125 0.7798611111111111 0.0609375 0.1986111111111111
4 0.494140625 0.2590277777777778 0.03203125 0.059722222222222225
4 0.213671875 0.5597222222222222 0.0328125 0.1
4 0.238671875 0.6298611111111111 0.03984375 0.11527777777777778
4 0.39140625 0.2513888888888889 0.0203125 0.075
4 0.362890625 0.22777777777777777 0.01640625 0.06666666666666667
4 0.3765625 0.22430555555555556 0.01171875 0.07361111111111111