6 0.66640625 0.29930555555555555 0.1234375 0.2152777777777778
4 0.522265625 0.2791666666666667 0.02265625 0.10972222222222222
4 0.23671875 0.39791666666666664 0.0484375 0.09027777777777778
4 0.31484375 0.3659722222222222 0.0359375 0.10555555555555556
4 0.365625 0.3194444444444444 0.03125 0.09166666666666666
4 0.41015625 0.33125 0.034375 0.11388888888888889
4 0.084375 0.41458333333333336 0.0625 0.12083333333333333
4 0.097265625 0.6777777777777778 0.05703125 0.175
6 0.237109375 0.7555555555555555 0.18359375 0.4861111111111111
4 0.315625 0.3034722222222222 0.021875 0.07222222222222222
4 0.33046875 0.2611111111111111 0.0140625 0.06111111111111111
4 0.353125 0.22847222222222222 0.0125 0.05694444444444444
4 0.36953125 0.24791666666666667 0.015625 0.058333333333333334
4 0.40078125 0.25833333333333336 0.01171875 0.05555555555555555