4 0.584765625 0.43680555555555556 0.03828125 0.11666666666666667
4 0.673046875 0.2569444444444444 0.01640625 0.07777777777777778
4 0.259765625 0.6326388888888889 0.05234375 0.1625
4 0.23125 0.5 0.05625 0.12222222222222222
4 0.14765625 0.5173611111111112 0.0609375 0.14444444444444443
4 0.07421875 0.4027777777777778 0.05859375 0.08888888888888889
4 0.204296875 0.29444444444444445 0.04453125 0.04722222222222222
4 0.2515625 0.3645833333333333 0.021875 0.08194444444444444
4 0.28203125 0.4395833333333333 0.0296875 0.08194444444444444
4 0.38984375 0.3055555555555556 0.028125 0.08611111111111111
4 0.342578125 0.3055555555555556 0.02421875 0.08333333333333333
4 0.321875 0.26875 0.0234375 0.08194444444444444
4 0.3671875 0.275 0.0234375 0.08055555555555556