5 0.412890625 0.5097222222222222 0.096875 0.22083333333333333
4 0.2015625 0.6625 0.0625 0.2111111111111111
4 0.28359375 0.54375 0.04921875 0.14305555555555555
4 0.347265625 0.3159722222222222 0.03125 0.09444444444444444
4 0.36875 0.25833333333333336 0.01953125 0.058333333333333334
4 0.34921875 0.23055555555555557 0.028125 0.05555555555555555
4 0.567578125 0.3194444444444444 0.02578125 0.09722222222222222
4 0.65 0.3138888888888889 0.0265625 0.07777777777777778
4 0.696484375 0.36666666666666664 0.0359375 0.10416666666666667
4 0.740234375 0.8631944444444445 0.11953125 0.2513888888888889
6 0.55078125 0.20347222222222222 0.08671875 0.12083333333333333
4 0.725 0.35208333333333336 0.0359375 0.10694444444444444
4 0.2828125 0.3 0.0390625 0.06944444444444445
4 0.25 0.3819444444444444 0.021875 0.0875
4 0.078125 0.38819444444444445 0.0671875 0.08472222222222223
4 0.205859375 0.2861111111111111 0.04609375 0.06527777777777778
4 0.3953125 0.21666666666666667 0.015625 0.06666666666666667
5 0.45 0.25833333333333336 0.05390625 0.09583333333333334
4 0.248828125 0.4722222222222222 0.0328125 0.11944444444444445
4 0.491796875 0.24027777777777778 0.02421875 0.05277777777777778