4 0.563671875 0.5520833333333334 0.02890625 0.14583333333333334
4 0.51875 0.25833333333333336 0.0359375 0.10555555555555556
4 0.605078125 0.22013888888888888 0.02265625 0.05416666666666667
5 0.411328125 0.5819444444444445 0.10390625 0.24722222222222223
4 0.294140625 0.5569444444444445 0.0453125 0.125
4 0.351171875 0.41458333333333336 0.04296875 0.0875
4 0.230078125 0.4465277777777778 0.03671875 0.10416666666666667
4 0.188671875 0.5916666666666667 0.05078125 0.1388888888888889
4 0.19296875 0.7923611111111111 0.0609375 0.19305555555555556
4 0.085546875 0.40208333333333335 0.04765625 0.06527777777777778
4 0.405078125 0.29444444444444445 0.0265625 0.075
4 0.34296875 0.27569444444444446 0.025 0.07083333333333333
4 0.391796875 0.21388888888888888 0.0234375 0.041666666666666664
4 0.248828125 0.50625 0.02421875 0.09861111111111111
4 0.2359375 0.36944444444444446 0.021875 0.06944444444444445
4 0.0546875 0.7222222222222222 0.06875 0.18472222222222223