4 0.745703125 0.3729166666666667 0.04140625 0.10972222222222222
4 0.3359375 0.28541666666666665 0.034375 0.08194444444444444
4 0.0796875 0.4 0.05625 0.08472222222222223
4 0.210546875 0.27847222222222223 0.04140625 0.04722222222222222
5 0.55546875 0.29097222222222224 0.05234375 0.12083333333333333
4 0.687890625 0.34375 0.02734375 0.0875
4 0.65625 0.34652777777777777 0.03125 0.08194444444444444
4 0.606640625 0.3020833333333333 0.02421875 0.07916666666666666
4 0.633203125 0.27847222222222223 0.0265625 0.06388888888888888
4 0.655078125 0.27291666666666664 0.01640625 0.07361111111111111
4 0.68046875 0.28055555555555556 0.0234375 0.058333333333333334