4 0.210546875 0.4263888888888889 0.04140625 0.15
4 0.67421875 0.3458333333333333 0.0265625 0.08055555555555556
4 0.698828125 0.30833333333333335 0.03828125 0.09166666666666666
4 0.073046875 0.3958333333333333 0.04453125 0.06944444444444445
4 0.32109375 0.36666666666666664 0.0421875 0.08055555555555556
4 0.3359375 0.28055555555555556 0.0171875 0.06666666666666667
4 0.366796875 0.2791666666666667 0.01484375 0.06944444444444445
4 0.386328125 0.2520833333333333 0.025 0.04722222222222222
4 0.651171875 0.25833333333333336 0.01796875 0.0625
4 0.6390625 0.2125 0.0125 0.05277777777777778
4 0.616796875 0.21458333333333332 0.015625 0.05416666666666667