4 0.95546875 0.6291666666666667 0.059375 0.15555555555555556
5 0.60546875 0.7680555555555556 0.15 0.2722222222222222
5 0.51875 0.38125 0.0671875 0.10972222222222222
5 0.596875 0.37916666666666665 0.05 0.09166666666666666
5 0.35546875 0.2111111111111111 0.0515625 0.05
5 0.651953125 0.49375 0.07265625 0.10833333333333334
5 0.601953125 0.30833333333333335 0.0421875 0.06111111111111111
5 0.838671875 0.50625 0.06640625 0.14027777777777778
6 0.73046875 0.6270833333333333 0.1796875 0.3125
6 0.6984375 0.22916666666666666 0.040625 0.05555555555555555
6 0.61171875 0.25763888888888886 0.05625 0.06944444444444445
7 0.58046875 0.2111111111111111 0.0875 0.09722222222222222