7 0.670703125 0.23819444444444443 0.05078125 0.06805555555555555
5 0.58359375 0.7534722222222222 0.15546875 0.2708333333333333
5 0.5421875 0.4638888888888889 0.075 0.14722222222222223
5 0.5234375 0.2972222222222222 0.034375 0.05555555555555555
5 0.582421875 0.2763888888888889 0.03828125 0.058333333333333334
5 0.60703125 0.2513888888888889 0.040625 0.044444444444444446
5 0.634765625 0.23402777777777778 0.0265625 0.0375
5 0.537890625 0.23541666666666666 0.05390625 0.04861111111111111
4 0.130859375 0.5444444444444444 0.02890625 0.1388888888888889
6 0.649609375 0.4305555555555556 0.08046875 0.1527777777777778
6 0.80390625 0.70625 0.2921875 0.5347222222222222