7 0.77421875 0.8236111111111111 0.45 0.35
7 0.848046875 0.69375 0.30234375 0.4486111111111111
7 0.5390625 0.44583333333333336 0.096875 0.225
5 0.60703125 0.30694444444444446 0.0421875 0.059722222222222225
5 0.622265625 0.35625 0.05703125 0.07916666666666666
5 0.51171875 0.31319444444444444 0.0390625 0.05138888888888889
5 0.124609375 0.6229166666666667 0.16953125 0.3638888888888889
6 0.543359375 0.2722222222222222 0.04765625 0.06944444444444445
6 0.68203125 0.22708333333333333 0.0609375 0.0625
4 0.130078125 0.41944444444444445 0.0296875 0.08055555555555556
4 0.178125 0.3229166666666667 0.028125 0.07777777777777778