4 0.849609375 0.7131944444444445 0.08359375 0.1736111111111111
5 0.562109375 0.30486111111111114 0.0546875 0.1
5 0.29609375 0.5013888888888889 0.10390625 0.18611111111111112
5 0.4234375 0.42291666666666666 0.07578125 0.15694444444444444
4 0.33203125 0.3576388888888889 0.021875 0.08194444444444444
4 0.2875 0.3840277777777778 0.0328125 0.08611111111111111
4 0.26171875 0.3541666666666667 0.021875 0.06944444444444445
4 0.2890625 0.30694444444444446 0.0171875 0.06388888888888888
4 0.140625 0.5486111111111112 0.046875 0.15
4 0.0765625 0.40069444444444446 0.05703125 0.0625
4 0.32890625 0.27708333333333335 0.0203125 0.05694444444444444
4 0.354296875 0.2902777777777778 0.01796875 0.06805555555555555
5 0.390625 0.3229166666666667 0.053125 0.08472222222222223
5 0.103125 0.8118055555555556 0.20625 0.3736111111111111
4 0.373046875 0.2625 0.01796875 0.06388888888888888