4 0.055078125 0.6340277777777777 0.0671875 0.15833333333333333
4 0.20546875 0.5465277777777777 0.0484375 0.10416666666666667
4 0.0734375 0.40347222222222223 0.05625 0.08472222222222223
4 0.208203125 0.2833333333333333 0.03984375 0.03611111111111111
4 0.24296875 0.41388888888888886 0.02421875 0.10972222222222222
4 0.293359375 0.4076388888888889 0.02578125 0.09027777777777778
4 0.27890625 0.33194444444444443 0.028125 0.08333333333333333
4 0.3046875 0.3416666666666667 0.025 0.06388888888888888
4 0.330859375 0.28888888888888886 0.01953125 0.07083333333333333
4 0.669921875 0.325 0.03515625 0.07222222222222222
4 0.701953125 0.30416666666666664 0.02421875 0.06111111111111111
6 0.33359375 0.6979166666666666 0.2359375 0.6013888888888889
4 0.373828125 0.35833333333333334 0.028125 0.08333333333333333
4 0.3984375 0.2847222222222222 0.02265625 0.07222222222222222
4 0.36875 0.2777777777777778 0.0203125 0.07777777777777778
4 0.341015625 0.24097222222222223 0.01875 0.04861111111111111
4 0.446875 0.26319444444444445 0.0375 0.059722222222222225