4 0.12890625 0.41805555555555557 0.0265625 0.09722222222222222
4 0.16953125 0.2847222222222222 0.025 0.06388888888888888
5 0.583203125 0.6701388888888888 0.11015625 0.20833333333333334
5 0.683203125 0.5493055555555556 0.11796875 0.17083333333333334
5 0.525 0.3798611111111111 0.0625 0.1111111111111111
5 0.653515625 0.25416666666666665 0.040625 0.05
5 0.541796875 0.2951388888888889 0.03515625 0.05277777777777778
5 0.59375 0.36527777777777776 0.0515625 0.1
5 0.551953125 0.25625 0.04375 0.04861111111111111
5 0.61171875 0.2708333333333333 0.04375 0.05555555555555555
6 0.696484375 0.20972222222222223 0.0703125 0.06666666666666667
6 0.541796875 0.2951388888888889 0.03671875 0.05416666666666667
7 0.369921875 0.19583333333333333 0.08046875 0.08055555555555556