5 0.396875 0.4354166666666667 0.07265625 0.17083333333333334
4 0.30859375 0.4222222222222222 0.0515625 0.1
4 0.308984375 0.49375 0.03671875 0.11805555555555555
4 0.243359375 0.4736111111111111 0.03671875 0.09861111111111111
4 0.15078125 0.44722222222222224 0.05 0.09722222222222222
4 0.184375 0.7416666666666667 0.08984375 0.12638888888888888
4 0.08359375 0.7743055555555556 0.0640625 0.14166666666666666
4 0.076171875 0.3888888888888889 0.05703125 0.075
4 0.212890625 0.28402777777777777 0.06640625 0.06944444444444445
4 0.36640625 0.26805555555555555 0.01875 0.07777777777777778
4 0.190234375 0.5152777777777777 0.02890625 0.10277777777777777
4 0.5625 0.28125 0.0203125 0.07777777777777778