4 0.553125 0.4125 0.0375 0.08888888888888889
4 0.68125 0.3861111111111111 0.03203125 0.07777777777777778
4 0.719921875 0.33125 0.02265625 0.08333333333333333
4 0.69765625 0.3104166666666667 0.01875 0.0625
4 0.659375 0.2986111111111111 0.01875 0.06388888888888888
4 0.633984375 0.27708333333333335 0.01796875 0.06111111111111111
4 0.613671875 0.27708333333333335 0.02578125 0.07222222222222222
4 0.59453125 0.27569444444444446 0.01875 0.06111111111111111
5 0.55546875 0.2791666666666667 0.053125 0.0875
4 0.2703125 0.4173611111111111 0.0515625 0.10138888888888889
4 0.0796875 0.3972222222222222 0.0625 0.07222222222222222
4 0.205859375 0.2826388888888889 0.04140625 0.034722222222222224
4 0.381640625 0.2076388888888889 0.01953125 0.06527777777777778
4 0.677734375 0.29097222222222224 0.02109375 0.06805555555555555
4 0.75859375 0.6888888888888889 0.05703125 0.17222222222222222
4 0.876953125 0.5256944444444445 0.03828125 0.13472222222222222