5 0.17265625 0.5479166666666667 0.125 0.23472222222222222
5 0.3140625 0.7361111111111112 0.1078125 0.26944444444444443
5 0.310546875 0.33611111111111114 0.05859375 0.08888888888888889
5 0.559765625 0.5736111111111111 0.11796875 0.19444444444444445
5 0.662109375 0.49583333333333335 0.08359375 0.1361111111111111
5 0.819921875 0.8361111111111111 0.19296875 0.2833333333333333
5 0.62109375 0.9041666666666667 0.184375 0.18888888888888888
5 0.523046875 0.34305555555555556 0.046875 0.06388888888888888
5 0.537890625 0.2826388888888889 0.03359375 0.05138888888888889
6 0.609375 0.28680555555555554 0.05 0.12777777777777777
4 0.74453125 0.38125 0.0171875 0.05694444444444444
4 0.9265625 0.6166666666666667 0.05 0.125
5 0.197265625 0.325 0.06015625 0.09027777777777778