4 0.7734375 0.4513888888888889 0.0578125 0.12638888888888888
5 0.584765625 0.25833333333333336 0.06171875 0.09166666666666666
4 0.657421875 0.23194444444444445 0.02890625 0.07222222222222222
4 0.31796875 0.4423611111111111 0.03671875 0.10694444444444444
4 0.250390625 0.44930555555555557 0.03515625 0.09305555555555556
4 0.310546875 0.6638888888888889 0.05703125 0.1625
4 0.2109375 0.7395833333333334 0.0625 0.16805555555555557
4 0.1015625 0.7222222222222222 0.05625 0.12222222222222222
4 0.173046875 0.5604166666666667 0.03828125 0.12083333333333333
4 0.077734375 0.4013888888888889 0.059375 0.075
4 0.276953125 0.35 0.02734375 0.08055555555555556
4 0.30546875 0.34375 0.028125 0.10416666666666667
7 0.446875 0.2548611111111111 0.1046875 0.25277777777777777
4 0.637890625 0.19930555555555557 0.01328125 0.05694444444444444
4 0.6203125 0.19236111111111112 0.0171875 0.06111111111111111
4 0.178515625 0.4534722222222222 0.0328125 0.10138888888888889
4 0.38125 0.25416666666666665 0.025 0.07222222222222222
4 0.34609375 0.2222222222222222 0.0140625 0.04583333333333333
4 0.02890625 0.6826388888888889 0.05625 0.19583333333333333