4 0.1234375 0.7486111111111111 0.0796875 0.25555555555555554
4 0.18203125 0.5215277777777778 0.053125 0.14305555555555555
4 0.31328125 0.42986111111111114 0.0453125 0.14027777777777778
4 0.352734375 0.37916666666666665 0.02734375 0.11666666666666667
4 0.312890625 0.3194444444444444 0.03984375 0.10555555555555556
4 0.6734375 0.3548611111111111 0.0328125 0.10694444444444444
4 0.73359375 0.39652777777777776 0.0515625 0.09861111111111111
4 0.579296875 0.3416666666666667 0.02578125 0.09722222222222222
4 0.378125 0.24791666666666667 0.0265625 0.08194444444444444
4 0.356640625 0.21736111111111112 0.01171875 0.04861111111111111
4 0.391796875 0.22152777777777777 0.02421875 0.05277777777777778
5 0.385546875 0.5854166666666667 0.1265625 0.28194444444444444
5 0.434765625 0.375 0.07109375 0.1527777777777778
6 0.5578125 0.22361111111111112 0.1 0.15833333333333333
4 0.27265625 0.30486111111111114 0.0375 0.10138888888888889
4 0.078515625 0.3923611111111111 0.06953125 0.09027777777777778
4 0.208984375 0.27847222222222223 0.04296875 0.0625
4 0.72578125 0.3229166666666667 0.0203125 0.059722222222222225