5 0.556640625 0.5458333333333333 0.08671875 0.16111111111111112
5 0.6109375 0.8097222222222222 0.16328125 0.33055555555555555
5 0.853515625 0.8652777777777778 0.2609375 0.25833333333333336
5 0.51875 0.22847222222222222 0.0578125 0.05416666666666667
5 0.516015625 0.32430555555555557 0.05390625 0.09305555555555556
5 0.65 0.22847222222222222 0.0421875 0.03888888888888889
5 0.55 0.26944444444444443 0.04140625 0.05555555555555555
6 0.627734375 0.3229166666666667 0.09296875 0.17083333333333334
7 0.667578125 0.4486111111111111 0.0765625 0.18333333333333332
4 0.187890625 0.30833333333333335 0.02890625 0.08472222222222223
4 0.730859375 0.36319444444444443 0.02109375 0.07083333333333333