7 0.59375 0.3527777777777778 0.0921875 0.19166666666666668
5 0.585546875 0.23055555555555557 0.059375 0.07083333333333333
5 0.5328125 0.2222222222222222 0.0421875 0.06666666666666667
5 0.433203125 0.27152777777777776 0.03671875 0.09027777777777778
4 0.315234375 0.34791666666666665 0.03984375 0.08333333333333333
4 0.32578125 0.4361111111111111 0.0359375 0.10694444444444444
4 0.0765625 0.40625 0.0765625 0.07361111111111111
4 0.104296875 0.6 0.0515625 0.14166666666666666
4 0.34140625 0.2763888888888889 0.0234375 0.06666666666666667
4 0.397265625 0.2569444444444444 0.01796875 0.06666666666666667
4 0.380859375 0.24513888888888888 0.01796875 0.06666666666666667
4 0.365625 0.2263888888888889 0.0140625 0.06111111111111111