5 0.609375 0.3416666666666667 0.0625 0.08888888888888889
4 0.82578125 0.6625 0.08125 0.16944444444444445
5 0.558984375 0.2791666666666667 0.05625 0.07777777777777778
4 0.3296875 0.4361111111111111 0.0328125 0.12222222222222222
4 0.258984375 0.45902777777777776 0.03515625 0.12361111111111112
4 0.23984375 0.7006944444444444 0.053125 0.14305555555555555
4 0.079296875 0.4076388888888889 0.06015625 0.0625
4 0.310546875 0.3076388888888889 0.03046875 0.06527777777777778
4 0.334375 0.2972222222222222 0.0203125 0.06805555555555555
4 0.3484375 0.2881944444444444 0.0203125 0.05694444444444444
4 0.380078125 0.3076388888888889 0.02265625 0.08472222222222223
4 0.397265625 0.26944444444444443 0.02265625 0.08055555555555556
5 0.449609375 0.27708333333333335 0.05703125 0.07916666666666666
4 0.263671875 0.36180555555555555 0.02890625 0.09583333333333334
4 0.05546875 0.85 0.0703125 0.26666666666666666
4 0.657421875 0.2263888888888889 0.01328125 0.05277777777777778