4 0.418359375 0.4618055555555556 0.0265625 0.10694444444444444
5 0.5875 0.65625 0.11953125 0.22777777777777777
5 0.838671875 0.8486111111111111 0.23828125 0.3
5 0.673828125 0.5576388888888889 0.10234375 0.15138888888888888
5 0.523828125 0.4201388888888889 0.059375 0.1125
5 0.516796875 0.3215277777777778 0.04453125 0.06527777777777778
5 0.33046875 0.36319444444444443 0.053125 0.10138888888888889
5 0.5984375 0.37569444444444444 0.05 0.08888888888888889
5 0.55078125 0.2638888888888889 0.03984375 0.05555555555555555
5 0.690625 0.2388888888888889 0.0453125 0.05277777777777778
7 0.5640625 0.20208333333333334 0.1078125 0.07361111111111111
5 0.6046875 0.28541666666666665 0.040625 0.07361111111111111