5 0.381640625 0.5465277777777777 0.11875 0.24305555555555555
4 0.2375 0.6111111111111112 0.06015625 0.18055555555555555
4 0.18125 0.5763888888888888 0.040625 0.11944444444444445
4 0.325 0.39861111111111114 0.02890625 0.075
4 0.301953125 0.33125 0.02265625 0.0875
4 0.330078125 0.3388888888888889 0.01875 0.05277777777777778
4 0.337890625 0.25069444444444444 0.028125 0.0763888888888889
4 0.411328125 0.2569444444444444 0.01953125 0.06666666666666667
4 0.564453125 0.2708333333333333 0.01953125 0.05
4 0.171875 0.49444444444444446 0.0375 0.10833333333333334
4 0.3125 0.2916666666666667 0.0140625 0.044444444444444446