5 0.606640625 0.45416666666666666 0.08359375 0.13333333333333333
4 0.867578125 0.6097222222222223 0.05546875 0.1986111111111111
4 0.6296875 0.24375 0.0203125 0.07361111111111111
4 0.67109375 0.28402777777777777 0.021875 0.09444444444444444
4 0.534765625 0.2520833333333333 0.02421875 0.0875
4 0.08046875 0.4131944444444444 0.06953125 0.08472222222222223
4 0.3328125 0.325 0.0265625 0.1
4 0.273828125 0.32222222222222224 0.03984375 0.1
4 0.432421875 0.23541666666666666 0.0203125 0.059722222222222225
4 0.6640625 0.22291666666666668 0.0171875 0.05694444444444444
4 0.451171875 0.23055555555555557 0.01484375 0.05