4 0.210546875 0.4263888888888889 0.04453125 0.1527777777777778
4 0.67421875 0.3458333333333333 0.0296875 0.08333333333333333
4 0.698828125 0.30833333333333335 0.03828125 0.09166666666666666
4 0.073046875 0.3958333333333333 0.04140625 0.06388888888888888
4 0.32109375 0.36666666666666664 0.04375 0.08333333333333333
4 0.3359375 0.28055555555555556 0.01875 0.06805555555555555
4 0.366796875 0.2791666666666667 0.01796875 0.06944444444444445
4 0.386328125 0.2520833333333333 0.025 0.04722222222222222
4 0.651171875 0.25833333333333336 0.0171875 0.06111111111111111
4 0.6390625 0.2125 0.0140625 0.05277777777777778
4 0.616796875 0.21458333333333332 0.01640625 0.05416666666666667