5 0.61953125 0.8388888888888889 0.14296875 0.2861111111111111
5 0.6203125 0.29583333333333334 0.053125 0.058333333333333334
5 0.55546875 0.2659722222222222 0.05 0.06666666666666667
6 0.730859375 0.6131944444444445 0.16953125 0.30416666666666664
6 0.6671875 0.2375 0.05703125 0.06805555555555555
7 0.541796875 0.3958333333333333 0.10859375 0.23055555555555557
7 0.638671875 0.3902777777777778 0.07578125 0.17777777777777778
4 0.1953125 0.3416666666666667 0.025 0.08611111111111111
4 0.07421875 0.49027777777777776 0.04375 0.12222222222222222
4 0.174609375 0.29791666666666666 0.02734375 0.07361111111111111
4 0.13984375 0.28888888888888886 0.01796875 0.0625