4 0.749609375 0.3625 0.02265625 0.10833333333333334
4 0.77890625 0.41875 0.03125 0.11805555555555555
4 0.68515625 0.28541666666666665 0.0203125 0.0763888888888889
5 0.61875 0.37430555555555556 0.059375 0.10972222222222222
5 0.57265625 0.28125 0.05 0.10138888888888889
5 0.716015625 0.8395833333333333 0.18671875 0.31805555555555554
5 0.392578125 0.5618055555555556 0.09375 0.19027777777777777
5 0.277734375 0.49583333333333335 0.1046875 0.18194444444444444
4 0.079296875 0.39861111111111114 0.06953125 0.06527777777777778
4 0.208984375 0.28541666666666665 0.05390625 0.05277777777777778
4 0.201171875 0.4576388888888889 0.04140625 0.09444444444444444
4 0.229296875 0.3909722222222222 0.02734375 0.06527777777777778
4 0.314453125 0.3715277777777778 0.03046875 0.09027777777777778
4 0.28046875 0.3770833333333333 0.034375 0.06805555555555555
4 0.341015625 0.3111111111111111 0.02421875 0.08055555555555556
4 0.512109375 0.27569444444444446 0.03828125 0.0625
4 0.319921875 0.31180555555555556 0.0265625 0.04722222222222222
4 0.3703125 0.41875 0.0296875 0.09583333333333334
7 0.436328125 0.25416666666666665 0.0765625 0.18055555555555555
4 0.330078125 0.2659722222222222 0.0171875 0.06111111111111111
4 0.37109375 0.24791666666666667 0.01484375 0.0625
4 0.38828125 0.20902777777777778 0.0171875 0.058333333333333334
4 0.384375 0.2861111111111111 0.01875 0.0625
4 0.3609375 0.2881944444444444 0.015625 0.06527777777777778