7 0.62265625 0.4534722222222222 0.10625 0.2722222222222222
4 0.683203125 0.3625 0.03515625 0.09722222222222222
5 0.595703125 0.2611111111111111 0.046875 0.07777777777777778
5 0.54140625 0.24305555555555555 0.0625 0.08055555555555556
5 0.388671875 0.5479166666666667 0.1015625 0.23055555555555557
4 0.3015625 0.5243055555555556 0.059375 0.1486111111111111
4 0.24375 0.5131944444444444 0.03828125 0.13055555555555556
4 0.203125 0.44513888888888886 0.0421875 0.08888888888888889
4 0.128515625 0.5409722222222222 0.04765625 0.15694444444444444
4 0.164453125 0.76875 0.06484375 0.1875
4 0.056640625 0.6291666666666667 0.06640625 0.1638888888888889
4 0.184375 0.5909722222222222 0.0375 0.12916666666666668
4 0.381640625 0.3194444444444444 0.02734375 0.07777777777777778
4 0.35859375 0.28541666666666665 0.02578125 0.07083333333333333
4 0.0796875 0.40694444444444444 0.078125 0.09166666666666666
5 0.4390625 0.2361111111111111 0.0390625 0.08333333333333333
4 0.373828125 0.20555555555555555 0.01640625 0.05277777777777778
4 0.36015625 0.2423611111111111 0.01796875 0.05555555555555555
4 0.399609375 0.21458333333333332 0.01328125 0.05416666666666667