4 0.159375 0.6111111111111112 0.053125 0.14166666666666666
4 0.269140625 0.42777777777777776 0.03984375 0.125
4 0.3265625 0.3958333333333333 0.025 0.11388888888888889
4 0.384375 0.3013888888888889 0.021875 0.08888888888888889
4 0.355078125 0.30069444444444443 0.02265625 0.07083333333333333
4 0.07890625 0.4 0.0609375 0.06666666666666667
4 0.20390625 0.2833333333333333 0.05 0.05555555555555555
4 0.594921875 0.3416666666666667 0.03359375 0.08888888888888889
4 0.21875 0.40069444444444446 0.0359375 0.10694444444444444
5 0.42890625 0.3125 0.059375 0.11666666666666667
4 0.153515625 0.7527777777777778 0.03671875 0.15
4 0.29609375 0.32708333333333334 0.0171875 0.07916666666666666
4 0.319140625 0.32083333333333336 0.01875 0.06805555555555555
4 0.372265625 0.2013888888888889 0.01640625 0.05138888888888889