4 0.659765625 0.35347222222222224 0.03046875 0.08194444444444444
4 0.53359375 0.29097222222222224 0.025 0.08472222222222223
5 0.41796875 0.42430555555555555 0.0640625 0.15
4 0.309375 0.42777777777777776 0.03125 0.13055555555555556
4 0.18046875 0.5006944444444444 0.03203125 0.14027777777777778
4 0.22578125 0.49583333333333335 0.040625 0.125
4 0.17734375 0.6263888888888889 0.03359375 0.12222222222222222
4 0.082421875 0.39791666666666664 0.06328125 0.05694444444444444
4 0.2953125 0.3138888888888889 0.028125 0.07222222222222222
4 0.3375 0.3506944444444444 0.0234375 0.10694444444444444
4 0.38046875 0.3472222222222222 0.0234375 0.06666666666666667
4 0.41796875 0.3215277777777778 0.028125 0.0625
4 0.327734375 0.3138888888888889 0.01640625 0.058333333333333334
4 0.364453125 0.29791666666666666 0.01796875 0.07083333333333333
4 0.3921875 0.28194444444444444 0.0171875 0.058333333333333334
4 0.3453125 0.27152777777777776 0.015625 0.0625
4 0.330078125 0.2638888888888889 0.01484375 0.05277777777777778
4 0.39140625 0.22708333333333333 0.01875 0.05694444444444444
4 0.35859375 0.21180555555555555 0.0125 0.05138888888888889
4 0.419921875 0.23055555555555557 0.015625 0.058333333333333334
4 0.446875 0.23125 0.0171875 0.07083333333333333