4 0.320703125 0.4798611111111111 0.02734375 0.10694444444444444
4 0.260546875 0.4152777777777778 0.03046875 0.08611111111111111
4 0.261328125 0.5263888888888889 0.03828125 0.09722222222222222
4 0.34140625 0.3145833333333333 0.028125 0.07916666666666666
4 0.394921875 0.29444444444444445 0.021875 0.06388888888888888
4 0.53828125 0.2659722222222222 0.05 0.08333333333333333
4 0.584375 0.2833333333333333 0.025 0.07777777777777778
7 0.54375 0.17152777777777778 0.053125 0.11527777777777778
4 0.161328125 0.5840277777777778 0.04765625 0.15694444444444444
4 0.1203125 0.5354166666666667 0.0421875 0.12777777777777777
4 0.375390625 0.25625 0.01953125 0.07083333333333333
4 0.340625 0.2423611111111111 0.0171875 0.058333333333333334
4 0.578125 0.24375 0.0203125 0.04583333333333333
4 0.419921875 0.25555555555555554 0.01640625 0.05694444444444444
4 0.39296875 0.22916666666666666 0.0140625 0.06111111111111111