4 0.43203125 0.38263888888888886 0.021875 0.07361111111111111
5 0.728125 0.6465277777777778 0.146875 0.23194444444444445
5 0.2859375 0.6291666666666667 0.0953125 0.2
5 0.517578125 0.3659722222222222 0.05390625 0.08472222222222223
5 0.595703125 0.33541666666666664 0.05234375 0.0763888888888889
5 0.626171875 0.45069444444444445 0.07265625 0.1125
5 0.555078125 0.51875 0.1 0.19027777777777777
5 0.518359375 0.30069444444444443 0.04375 0.059722222222222225
5 0.61875 0.2701388888888889 0.0421875 0.05416666666666667
5 0.667578125 0.2520833333333333 0.0359375 0.04861111111111111
5 0.344921875 0.36666666666666664 0.05703125 0.1111111111111111
7 0.5890625 0.19930555555555557 0.1078125 0.09305555555555556