4 0.737890625 0.5909722222222222 0.04765625 0.13055555555555556
4 0.714453125 0.40625 0.02890625 0.10694444444444444
4 0.6859375 0.2722222222222222 0.0234375 0.08055555555555556
4 0.923828125 0.8583333333333333 0.06484375 0.14166666666666666
4 0.24375 0.4861111111111111 0.0359375 0.13055555555555556
4 0.08046875 0.4041666666666667 0.05625 0.075
4 0.206640625 0.29097222222222224 0.04296875 0.04583333333333333
5 0.583203125 0.5645833333333333 0.08515625 0.1597222222222222
5 0.557421875 0.3472222222222222 0.06171875 0.1111111111111111
5 0.6125 0.2604166666666667 0.04765625 0.08611111111111111
5 0.67890625 0.9 0.16875 0.19583333333333333
7 0.54375 0.2548611111111111 0.0546875 0.1125
4 0.6390625 0.23194444444444445 0.0140625 0.05277777777777778
7 0.54375 0.24930555555555556 0.0515625 0.10555555555555556
4 0.37890625 0.24375 0.015625 0.05277777777777778
4 0.358984375 0.25069444444444444 0.021875 0.06805555555555555
4 0.432421875 0.26944444444444443 0.01953125 0.05138888888888889
4 0.397265625 0.22847222222222222 0.015625 0.05277777777777778
4 0.626953125 0.3541666666666667 0.02734375 0.09444444444444444