5 0.637890625 0.47152777777777777 0.1125 0.1875
4 0.27890625 0.5916666666666667 0.0546875 0.16111111111111112
4 0.15859375 0.5701388888888889 0.0375 0.12916666666666668
4 0.114453125 0.5347222222222222 0.03515625 0.10277777777777777
4 0.292578125 0.37777777777777777 0.0328125 0.11666666666666667
4 0.3484375 0.25763888888888886 0.015625 0.05277777777777778
4 0.077734375 0.4048611111111111 0.06015625 0.059722222222222225
4 0.058203125 0.8506944444444444 0.08984375 0.20694444444444443
4 0.38046875 0.27291666666666664 0.01875 0.06805555555555555
4 0.644140625 0.2847222222222222 0.02265625 0.08888888888888889
4 0.67421875 0.26805555555555555 0.0234375 0.07222222222222222
4 0.2609375 0.47152777777777777 0.03125 0.12083333333333333
4 0.363671875 0.21944444444444444 0.01640625 0.0625
4 0.38203125 0.19722222222222222 0.0171875 0.05694444444444444