4 0.248828125 0.5465277777777777 0.04765625 0.15
4 0.162109375 0.5368055555555555 0.05546875 0.15416666666666667
4 0.078125 0.3958333333333333 0.065625 0.075
4 0.207421875 0.27708333333333335 0.05546875 0.059722222222222225
4 0.2984375 0.3888888888888889 0.04375 0.1388888888888889
4 0.37265625 0.41805555555555557 0.0390625 0.12777777777777777
4 0.351171875 0.29097222222222224 0.021875 0.08194444444444444
4 0.396484375 0.28541666666666665 0.0375 0.0875
4 0.519140625 0.26458333333333334 0.04609375 0.0875
4 0.38828125 0.20208333333333334 0.015625 0.0625
4 0.351953125 0.21666666666666667 0.01953125 0.06111111111111111
4 0.39921875 0.23055555555555557 0.0203125 0.058333333333333334
4 0.6609375 0.24305555555555555 0.0203125 0.06111111111111111