5 0.427734375 0.32916666666666666 0.06171875 0.13194444444444445
4 0.254296875 0.3680555555555556 0.01796875 0.075
4 0.344921875 0.3416666666666667 0.03203125 0.08611111111111111
4 0.11171875 0.5569444444444445 0.04765625 0.11666666666666667
4 0.084765625 0.7583333333333333 0.078125 0.18472222222222223
4 0.08359375 0.4048611111111111 0.0484375 0.0875
4 0.196875 0.2777777777777778 0.0515625 0.05277777777777778
5 0.626953125 0.7916666666666666 0.14140625 0.2777777777777778
4 0.856640625 0.5340277777777778 0.06640625 0.16111111111111112
5 0.714453125 0.4756944444444444 0.11796875 0.1986111111111111
5 0.580859375 0.5152777777777777 0.0890625 0.1638888888888889
7 0.57265625 0.36736111111111114 0.0765625 0.1625
5 0.661328125 0.3506944444444444 0.06171875 0.09583333333333334
4 0.74296875 0.35208333333333336 0.01875 0.08333333333333333
4 0.65703125 0.27361111111111114 0.025 0.05555555555555555
4 0.6890625 0.2986111111111111 0.028125 0.07777777777777778