4 0.126953125 0.44722222222222224 0.03125 0.1111111111111111
4 0.726953125 0.3486111111111111 0.0265625 0.075
5 0.6203125 0.27291666666666664 0.04375 0.05694444444444444
5 0.674609375 0.2520833333333333 0.03515625 0.04722222222222222
5 0.620703125 0.23958333333333334 0.03828125 0.043055555555555555
5 0.557421875 0.27152777777777776 0.05234375 0.06527777777777778
5 0.518359375 0.3527777777777778 0.04453125 0.08888888888888889
6 0.603515625 0.51875 0.18515625 0.4486111111111111
7 0.66796875 0.2 0.06875 0.06111111111111111
5 0.788671875 0.45 0.0890625 0.11388888888888889
4 0.19765625 0.30625 0.025 0.0763888888888889