4 0.322265625 0.39652777777777776 0.03359375 0.10833333333333334
4 0.27890625 0.5958333333333333 0.046875 0.14166666666666666
4 0.1671875 0.54375 0.053125 0.10972222222222222
4 0.077734375 0.3909722222222222 0.04453125 0.06527777777777778
5 0.66171875 0.7375 0.1890625 0.36666666666666664
5 0.388671875 0.46944444444444444 0.08125 0.18888888888888888
4 0.703515625 0.40902777777777777 0.03515625 0.09722222222222222
4 0.678125 0.30833333333333335 0.03203125 0.08333333333333333
4 0.37734375 0.2791666666666667 0.0234375 0.0763888888888889
4 0.337890625 0.26180555555555557 0.01875 0.059722222222222225
4 0.355078125 0.2590277777777778 0.01953125 0.05416666666666667
4 0.40546875 0.24513888888888888 0.0171875 0.05138888888888889
4 0.407421875 0.19027777777777777 0.01796875 0.058333333333333334