5 0.4390625 0.38472222222222224 0.0625 0.13055555555555556
4 0.308203125 0.5826388888888889 0.04765625 0.11805555555555555
4 0.319140625 0.7652777777777777 0.07421875 0.19166666666666668
4 0.167578125 0.6305555555555555 0.06484375 0.15
4 0.184765625 0.4979166666666667 0.03046875 0.0763888888888889
4 0.261328125 0.44930555555555557 0.02734375 0.10694444444444444
4 0.308984375 0.38263888888888886 0.01953125 0.07916666666666666
4 0.3671875 0.36736111111111114 0.01953125 0.09027777777777778
4 0.394921875 0.3055555555555556 0.0265625 0.09444444444444444
4 0.279296875 0.3645833333333333 0.03203125 0.08888888888888889
4 0.07578125 0.3909722222222222 0.0640625 0.0763888888888889
4 0.1296875 0.8034722222222223 0.05625 0.2013888888888889
4 0.63359375 0.29097222222222224 0.01875 0.05277777777777778
4 0.516796875 0.25972222222222224 0.02265625 0.0763888888888889
4 0.610546875 0.8854166666666666 0.09296875 0.2125
4 0.034375 0.6854166666666667 0.06875 0.23472222222222222
4 0.307421875 0.4861111111111111 0.03671875 0.11388888888888889
4 0.274609375 0.31805555555555554 0.01640625 0.08055555555555556
4 0.37109375 0.22569444444444445 0.015625 0.05277777777777778