4 0.64453125 0.45555555555555555 0.028125 0.13333333333333333
4 0.36484375 0.4597222222222222 0.0265625 0.15833333333333333
4 0.07421875 0.7479166666666667 0.0765625 0.2152777777777778
4 0.1296875 0.5375 0.0625 0.11388888888888889
4 0.076953125 0.3993055555555556 0.06953125 0.09027777777777778
4 0.208203125 0.275 0.05390625 0.03611111111111111
4 0.273046875 0.41041666666666665 0.028125 0.09861111111111111
4 0.308203125 0.4173611111111111 0.03515625 0.12638888888888888
4 0.258203125 0.3423611111111111 0.034375 0.07083333333333333
4 0.323046875 0.3215277777777778 0.03046875 0.08333333333333333
4 0.372265625 0.28194444444444444 0.02421875 0.075
4 0.596484375 0.21458333333333332 0.01796875 0.05555555555555555
4 0.226953125 0.4173611111111111 0.02890625 0.09861111111111111
4 0.35234375 0.2534722222222222 0.0171875 0.06111111111111111
4 0.408203125 0.22916666666666666 0.02109375 0.06111111111111111
5 0.437109375 0.25 0.04453125 0.1