4 0.7984375 0.4618055555555556 0.0359375 0.09722222222222222
4 0.17265625 0.26944444444444443 0.0265625 0.058333333333333334
4 0.125390625 0.24027777777777778 0.02109375 0.05277777777777778
5 0.715234375 0.8090277777777778 0.14453125 0.2652777777777778
5 0.653125 0.4895833333333333 0.09375 0.1486111111111111
5 0.606640625 0.36527777777777776 0.04609375 0.07916666666666666
5 0.650390625 0.2361111111111111 0.03984375 0.05
5 0.634375 0.26458333333333334 0.0328125 0.05138888888888889
6 0.604296875 0.29375 0.05078125 0.09027777777777778
7 0.3484375 0.41041666666666665 0.1078125 0.29583333333333334
7 0.52734375 0.22916666666666666 0.071875 0.13333333333333333