4 0.676953125 0.4618055555555556 0.04453125 0.15694444444444444
4 0.738671875 0.4583333333333333 0.04296875 0.11388888888888889
4 0.8 0.45069444444444445 0.046875 0.14722222222222223
4 0.731640625 0.3902777777777778 0.03828125 0.1
4 0.67734375 0.2972222222222222 0.021875 0.08333333333333333
4 0.699609375 0.28194444444444444 0.03671875 0.09166666666666666
4 0.655859375 0.2861111111111111 0.02265625 0.07222222222222222
4 0.634375 0.27847222222222223 0.028125 0.07916666666666666
4 0.612890625 0.2652777777777778 0.02734375 0.06666666666666667
5 0.5609375 0.2972222222222222 0.0640625 0.12222222222222222
4 0.083203125 0.39652777777777776 0.06171875 0.0763888888888889
4 0.229296875 0.30625 0.05703125 0.07361111111111111
4 0.37734375 0.22430555555555556 0.01875 0.06944444444444445