4 0.40234375 0.5069444444444444 0.0296875 0.11388888888888889
4 0.0265625 0.5194444444444445 0.0390625 0.125
5 0.604296875 0.7236111111111111 0.14140625 0.26666666666666666
5 0.69921875 0.6180555555555556 0.1296875 0.18888888888888888
5 0.528515625 0.4513888888888889 0.065625 0.11944444444444445
5 0.5171875 0.3347222222222222 0.0484375 0.075
5 0.606640625 0.4041666666666667 0.06328125 0.10555555555555556
5 0.540234375 0.2673611111111111 0.03984375 0.05416666666666667
5 0.598828125 0.2986111111111111 0.04296875 0.06944444444444445
5 0.6203125 0.2659722222222222 0.04140625 0.05277777777777778
7 0.550390625 0.2 0.11484375 0.08333333333333333
5 0.317578125 0.3229166666666667 0.053125 0.08472222222222223