7 0.670703125 0.23819444444444443 0.05390625 0.0763888888888889
5 0.58359375 0.7534722222222222 0.1453125 0.2513888888888889
5 0.5421875 0.4638888888888889 0.06875 0.1388888888888889
5 0.5234375 0.2972222222222222 0.0359375 0.05555555555555555
5 0.582421875 0.2763888888888889 0.0390625 0.06111111111111111
5 0.60703125 0.2513888888888889 0.0421875 0.04722222222222222
5 0.634765625 0.23402777777777778 0.02734375 0.03888888888888889
5 0.537890625 0.23541666666666666 0.05234375 0.03888888888888889
4 0.130859375 0.5444444444444444 0.02734375 0.1388888888888889
6 0.649609375 0.4305555555555556 0.08125 0.1527777777777778
6 0.80390625 0.70625 0.2734375 0.5013888888888889