4 0.712890625 0.3138888888888889 0.01953125 0.08611111111111111
4 0.6953125 0.31875 0.0125 0.0625
4 0.680078125 0.30069444444444443 0.02265625 0.07916666666666666
4 0.659765625 0.28888888888888886 0.02109375 0.05694444444444444
4 0.636328125 0.27847222222222223 0.02109375 0.06805555555555555
4 0.612890625 0.27847222222222223 0.01796875 0.07777777777777778
4 0.59375 0.27847222222222223 0.0171875 0.05277777777777778
5 0.55703125 0.3020833333333333 0.053125 0.10416666666666667
4 0.08046875 0.40069444444444446 0.07734375 0.07361111111111111
4 0.207421875 0.28402777777777777 0.04296875 0.05138888888888889
4 0.51875 0.3020833333333333 0.021875 0.075
4 0.658203125 0.33958333333333335 0.01796875 0.075
4 0.35625 0.24027777777777778 0.01875 0.0763888888888889
4 0.34765625 0.2326388888888889 0.0125 0.05694444444444444