7 0.08046875 0.6680555555555555 0.1609375 0.4861111111111111
7 0.1890625 0.41597222222222224 0.0765625 0.15138888888888888
7 0.241796875 0.26180555555555557 0.05234375 0.125
5 0.27265625 0.45694444444444443 0.07265625 0.13055555555555556
5 0.3703125 0.35 0.059375 0.08888888888888889
5 0.55546875 0.5638888888888889 0.10625 0.18888888888888888
5 0.647265625 0.8833333333333333 0.18671875 0.23055555555555557
5 0.535546875 0.3729166666666667 0.05859375 0.06666666666666667
5 0.52890625 0.29375 0.0484375 0.08194444444444444
5 0.353125 0.2875 0.04375 0.03888888888888889
6 0.6390625 0.38263888888888886 0.1078125 0.21944444444444444
4 0.76875 0.41388888888888886 0.0265625 0.075