5 0.366796875 0.69375 0.16328125 0.40694444444444444
4 0.299609375 0.3840277777777778 0.02734375 0.11805555555555555
4 0.158203125 0.6395833333333333 0.05859375 0.12916666666666668
4 0.24375 0.40347222222222223 0.0359375 0.12916666666666668
4 0.344921875 0.3333333333333333 0.02265625 0.08611111111111111
4 0.673828125 0.3854166666666667 0.03359375 0.10972222222222222
4 0.7125 0.3958333333333333 0.0265625 0.10277777777777777
4 0.717578125 0.30486111111111114 0.02265625 0.0625
4 0.600390625 0.2986111111111111 0.02578125 0.08611111111111111
4 0.369140625 0.27569444444444446 0.03359375 0.08055555555555556
4 0.3921875 0.24305555555555555 0.0265625 0.058333333333333334
4 0.6078125 0.22013888888888888 0.025 0.05416666666666667
4 0.521875 0.2326388888888889 0.0265625 0.06944444444444445
4 0.633203125 0.24444444444444444 0.01953125 0.06666666666666667
4 0.076953125 0.40347222222222223 0.05078125 0.06805555555555555
4 0.21484375 0.28680555555555554 0.0546875 0.06527777777777778
4 0.309375 0.26666666666666666 0.01953125 0.07222222222222222
4 0.334375 0.2902777777777778 0.021875 0.07777777777777778
4 0.43984375 0.23958333333333334 0.0296875 0.06666666666666667