4 0.238671875 0.6944444444444444 0.07265625 0.2111111111111111
5 0.40703125 0.4798611111111111 0.075 0.14027777777777778
5 0.63125 0.4777777777777778 0.0875 0.125
4 0.73046875 0.4986111111111111 0.0484375 0.12777777777777777
4 0.90390625 0.6875 0.059375 0.18333333333333332
5 0.63203125 0.3277777777777778 0.0609375 0.08888888888888889
6 0.546484375 0.2125 0.06484375 0.12222222222222222
4 0.074609375 0.3958333333333333 0.06015625 0.075
4 0.0984375 0.6604166666666667 0.065625 0.2013888888888889
5 0.444140625 0.29583333333333334 0.04453125 0.08333333333333333
4 0.6296875 0.24305555555555555 0.0203125 0.058333333333333334