4 0.833984375 0.5986111111111111 0.05546875 0.175
4 0.73203125 0.5069444444444444 0.0359375 0.16666666666666666
4 0.7453125 0.35625 0.028125 0.10972222222222222
4 0.6796875 0.27291666666666664 0.021875 0.0763888888888889
5 0.5703125 0.24097222222222223 0.03828125 0.07083333333333333
4 0.296875 0.5513888888888889 0.0484375 0.175
4 0.280859375 0.3611111111111111 0.02890625 0.09166666666666666
4 0.190625 0.45069444444444445 0.0421875 0.09861111111111111
4 0.159765625 0.5534722222222223 0.04609375 0.1361111111111111
4 0.08203125 0.7 0.0609375 0.13055555555555556
4 0.05390625 0.8791666666666667 0.0640625 0.10555555555555556
4 0.076171875 0.4048611111111111 0.05390625 0.08055555555555556
4 0.20390625 0.2861111111111111 0.040625 0.04722222222222222
4 0.318359375 0.26180555555555557 0.02265625 0.07916666666666666
4 0.347265625 0.3402777777777778 0.01953125 0.08333333333333333
5 0.394140625 0.30694444444444446 0.05625 0.10138888888888889
4 0.248828125 0.3506944444444444 0.03359375 0.1125
4 0.353125 0.22291666666666668 0.0140625 0.05694444444444444
4 0.657421875 0.2423611111111111 0.0203125 0.06527777777777778