4 0.133984375 0.2326388888888889 0.02109375 0.059722222222222225
4 0.166796875 0.28194444444444444 0.02109375 0.06388888888888888
5 0.6125 0.7138888888888889 0.15546875 0.28888888888888886
5 0.526953125 0.39375 0.06015625 0.10138888888888889
5 0.691015625 0.2298611111111111 0.04140625 0.04583333333333333
5 0.464453125 0.22708333333333333 0.05546875 0.05694444444444444
5 0.620703125 0.27291666666666664 0.04140625 0.06111111111111111
5 0.54140625 0.26319444444444445 0.0421875 0.05277777777777778
5 0.658203125 0.25 0.0421875 0.058333333333333334
5 0.6046875 0.24097222222222223 0.04375 0.05138888888888889
6 0.72890625 0.6159722222222223 0.1921875 0.35138888888888886
6 0.626953125 0.3923611111111111 0.0734375 0.1388888888888889
7 0.579296875 0.20277777777777778 0.07109375 0.06388888888888888