4 0.616796875 0.60625 0.05078125 0.15138888888888888
4 0.875390625 0.5666666666666667 0.0796875 0.18055555555555555
4 0.144921875 0.6006944444444444 0.0734375 0.1986111111111111
4 0.27421875 0.3506944444444444 0.03984375 0.0875
4 0.34765625 0.41944444444444445 0.0265625 0.09166666666666666
4 0.36953125 0.30625 0.021875 0.09027777777777778
4 0.087109375 0.4125 0.0796875 0.09722222222222222
4 0.40546875 0.2611111111111111 0.0265625 0.07916666666666666
4 0.523046875 0.22708333333333333 0.01796875 0.06944444444444445
4 0.6015625 0.18472222222222223 0.0171875 0.058333333333333334
4 0.58359375 0.19652777777777777 0.01875 0.06111111111111111
4 0.293359375 0.4597222222222222 0.03046875 0.11666666666666667
4 0.35703125 0.2263888888888889 0.01796875 0.06527777777777778
4 0.3828125 0.22152777777777777 0.01875 0.0625