5 0.583203125 0.6243055555555556 0.10234375 0.19027777777777777
5 0.642578125 0.4840277777777778 0.08828125 0.12083333333333333
5 0.61640625 0.36944444444444446 0.0609375 0.09166666666666666
5 0.5234375 0.32222222222222224 0.04140625 0.06527777777777778
5 0.579296875 0.3145833333333333 0.04296875 0.0625
5 0.5921875 0.2826388888888889 0.0359375 0.04583333333333333
5 0.587890625 0.24722222222222223 0.03671875 0.05
5 0.640234375 0.2763888888888889 0.03515625 0.05
5 0.680859375 0.22430555555555556 0.04140625 0.034722222222222224
4 0.070703125 0.5055555555555555 0.0375 0.09583333333333334
4 0.91171875 0.5847222222222223 0.0609375 0.14305555555555555