5 0.85390625 0.8055555555555556 0.290625 0.3861111111111111
4 0.70390625 0.3138888888888889 0.021875 0.07777777777777778
4 0.335546875 0.6673611111111111 0.06953125 0.1736111111111111
4 0.276171875 0.4409722222222222 0.04140625 0.125
4 0.07578125 0.39652777777777776 0.059375 0.0763888888888889
4 0.286328125 0.3326388888888889 0.0296875 0.08194444444444444
4 0.4046875 0.3034722222222222 0.025 0.058333333333333334
4 0.361328125 0.30486111111111114 0.03203125 0.0763888888888889
4 0.340625 0.2701388888888889 0.021875 0.059722222222222225
4 0.384765625 0.24027777777777778 0.01875 0.06944444444444445
4 0.38125 0.19375 0.015625 0.05138888888888889
4 0.570703125 0.31666666666666665 0.021875 0.07222222222222222