4 0.703125 0.47638888888888886 0.03828125 0.14722222222222223
4 0.759765625 0.4166666666666667 0.04140625 0.13333333333333333
4 0.70390625 0.3972222222222222 0.0375 0.08055555555555556
4 0.6953125 0.29305555555555557 0.021875 0.075
4 0.6578125 0.2965277777777778 0.02578125 0.06805555555555555
4 0.616796875 0.27291666666666664 0.0265625 0.06111111111111111
4 0.62578125 0.34375 0.0265625 0.06527777777777778
5 0.5640625 0.3277777777777778 0.0671875 0.09722222222222222
4 0.310546875 0.38333333333333336 0.03515625 0.10555555555555556
4 0.305859375 0.5201388888888889 0.03359375 0.13333333333333333
4 0.241015625 0.5506944444444445 0.05 0.13333333333333333
4 0.202734375 0.4625 0.04296875 0.08611111111111111
4 0.37421875 0.20555555555555555 0.0171875 0.06944444444444445
4 0.082421875 0.3909722222222222 0.0625 0.08472222222222223
4 0.214453125 0.29097222222222224 0.04921875 0.058333333333333334
4 0.495703125 0.2298611111111111 0.02265625 0.06805555555555555