4 0.3921875 0.35208333333333336 0.0171875 0.06527777777777778
5 0.6515625 0.8506944444444444 0.1796875 0.25972222222222224
5 0.84609375 0.8791666666666667 0.2203125 0.21666666666666667
5 0.58203125 0.5569444444444445 0.0875 0.16666666666666666
5 0.70703125 0.5993055555555555 0.12734375 0.2125
5 0.617578125 0.38333333333333336 0.06015625 0.09722222222222222
5 0.519921875 0.36180555555555555 0.06015625 0.09583333333333334
5 0.60390625 0.3263888888888889 0.05546875 0.06944444444444445
5 0.53515625 0.3111111111111111 0.0515625 0.06666666666666667
6 0.72109375 0.21597222222222223 0.075 0.08194444444444444
6 0.597265625 0.22777777777777777 0.08984375 0.08888888888888889
7 0.618359375 0.2673611111111111 0.06796875 0.09305555555555556