5 0.626171875 0.8347222222222223 0.1578125 0.3055555555555556
5 0.278125 0.6298611111111111 0.10078125 0.2125
5 0.659375 0.5055555555555555 0.1 0.1527777777777778
5 0.598046875 0.3090277777777778 0.04140625 0.05694444444444444
5 0.603515625 0.38333333333333336 0.05546875 0.09444444444444444
5 0.527734375 0.2861111111111111 0.04140625 0.05555555555555555
5 0.519921875 0.3347222222222222 0.04921875 0.075
5 0.643359375 0.25555555555555554 0.03828125 0.05
5 0.536328125 0.43472222222222223 0.08046875 0.1527777777777778
6 0.8390625 0.7743055555555556 0.2953125 0.4486111111111111
7 0.61171875 0.20277777777777778 0.0984375 0.08055555555555556
4 0.437890625 0.3194444444444444 0.02578125 0.08055555555555556