5 0.603125 0.6777777777777778 0.1328125 0.25555555555555554
5 0.722265625 0.4791666666666667 0.08671875 0.1527777777777778
7 0.563671875 0.3486111111111111 0.06796875 0.18888888888888888
4 0.655078125 0.2763888888888889 0.02578125 0.08888888888888889
4 0.6828125 0.32013888888888886 0.03046875 0.10972222222222222
4 0.746875 0.36944444444444446 0.03203125 0.1111111111111111
4 0.364453125 0.30416666666666664 0.02578125 0.08333333333333333
5 0.432421875 0.23541666666666666 0.04296875 0.0763888888888889
4 0.078515625 0.4013888888888889 0.0546875 0.06666666666666667
4 0.207421875 0.2902777777777778 0.053125 0.06111111111111111
4 0.77265625 0.4284722222222222 0.0296875 0.09583333333333334