4 0.894921875 0.6201388888888889 0.04765625 0.16527777777777777
4 0.725 0.3506944444444444 0.028125 0.10416666666666667
4 0.609375 0.27291666666666664 0.02578125 0.06805555555555555
5 0.5546875 0.2861111111111111 0.0578125 0.10555555555555556
4 0.305078125 0.33055555555555555 0.02734375 0.1
4 0.078125 0.40069444444444446 0.0703125 0.06527777777777778
4 0.20859375 0.2881944444444444 0.0421875 0.04861111111111111
4 0.39296875 0.20833333333333334 0.0328125 0.06388888888888888
4 0.639453125 0.28402777777777777 0.0296875 0.08611111111111111
4 0.65625 0.27708333333333335 0.0234375 0.0625
4 0.68515625 0.27361111111111114 0.0234375 0.07222222222222222
4 0.671875 0.31666666666666665 0.015625 0.06944444444444445
4 0.5875 0.2659722222222222 0.02265625 0.06527777777777778