4 0.30390625 0.38125 0.034375 0.1111111111111111
4 0.080859375 0.39444444444444443 0.05703125 0.07777777777777778
4 0.1734375 0.30833333333333335 0.053125 0.09027777777777778
4 0.26875 0.3326388888888889 0.03125 0.0875
4 0.363671875 0.27291666666666664 0.03203125 0.09861111111111111
4 0.408203125 0.3013888888888889 0.03984375 0.09722222222222222
4 0.60625 0.26944444444444443 0.01875 0.06944444444444445
4 0.6296875 0.2701388888888889 0.01875 0.05694444444444444
4 0.650390625 0.27847222222222223 0.021875 0.059722222222222225
4 0.66640625 0.25833333333333336 0.0234375 0.06527777777777778
4 0.684375 0.2965277777777778 0.025 0.0763888888888889
4 0.748828125 0.3763888888888889 0.05390625 0.09166666666666666
5 0.559375 0.28680555555555554 0.05 0.09444444444444444