5 0.40390625 0.5048611111111111 0.08125 0.17916666666666667
5 0.588671875 0.5270833333333333 0.11640625 0.20277777777777778
5 0.78515625 0.6368055555555555 0.16875 0.25277777777777777
5 0.637109375 0.8333333333333334 0.18203125 0.33055555555555555
5 0.67421875 0.3875 0.0765625 0.13055555555555556
5 0.67265625 0.38472222222222224 0.08125 0.1388888888888889
7 0.565625 0.3486111111111111 0.0796875 0.1527777777777778
4 0.747265625 0.37569444444444444 0.02265625 0.08194444444444444
4 0.684375 0.2965277777777778 0.0265625 0.0875
4 0.65390625 0.2708333333333333 0.01875 0.08888888888888889
4 0.628125 0.26180555555555557 0.021875 0.08055555555555556
4 0.336328125 0.27847222222222223 0.02578125 0.09305555555555556
4 0.082421875 0.4027777777777778 0.06484375 0.06666666666666667
4 0.209765625 0.29097222222222224 0.06640625 0.0763888888888889
4 0.37421875 0.225 0.0171875 0.06111111111111111