5 0.5890625 0.7131944444444445 0.128125 0.24583333333333332
5 0.5328125 0.3645833333333333 0.065625 0.08472222222222223
5 0.64453125 0.4638888888888889 0.075 0.13055555555555556
5 0.55 0.3111111111111111 0.053125 0.07222222222222222
5 0.606640625 0.3638888888888889 0.053125 0.08055555555555556
5 0.5484375 0.45 0.0828125 0.15833333333333333
5 0.6453125 0.2569444444444444 0.040625 0.05277777777777778
5 0.41796875 0.2222222222222222 0.05625 0.05277777777777778
5 0.6140625 0.29930555555555555 0.04375 0.0625
5 0.541796875 0.26805555555555555 0.04609375 0.06111111111111111
6 0.854296875 0.8090277777777778 0.28984375 0.37916666666666665
6 0.7203125 0.22916666666666666 0.1203125 0.09722222222222222