4 0.055078125 0.6340277777777777 0.06484375 0.15555555555555556
4 0.20546875 0.5465277777777777 0.05 0.10555555555555556
4 0.0734375 0.40347222222222223 0.0546875 0.08194444444444444
4 0.208203125 0.2833333333333333 0.04140625 0.041666666666666664
4 0.24296875 0.41388888888888886 0.0265625 0.1111111111111111
4 0.293359375 0.4076388888888889 0.03125 0.09444444444444444
4 0.27890625 0.33194444444444443 0.028125 0.08333333333333333
4 0.3046875 0.3416666666666667 0.025 0.06666666666666667
4 0.330859375 0.28888888888888886 0.01953125 0.07083333333333333
4 0.669921875 0.325 0.03515625 0.07222222222222222
4 0.701953125 0.30416666666666664 0.02578125 0.06388888888888888
6 0.33359375 0.6986111111111111 0.2328125 0.6
4 0.373828125 0.35833333333333334 0.0265625 0.08055555555555556
4 0.3984375 0.2847222222222222 0.0265625 0.075
4 0.36875 0.2777777777777778 0.025 0.08055555555555556
4 0.341015625 0.24097222222222223 0.01640625 0.04583333333333333
4 0.446875 0.26319444444444445 0.0359375 0.05694444444444444