4 0.301171875 0.44930555555555557 0.02734375 0.10694444444444444
4 0.076171875 0.39791666666666664 0.06796875 0.09583333333333334
4 0.205078125 0.2847222222222222 0.04453125 0.04583333333333333
5 0.627734375 0.5118055555555555 0.10390625 0.1986111111111111
4 0.646875 0.2423611111111111 0.0140625 0.04861111111111111
4 0.53046875 0.3173611111111111 0.0265625 0.0875
4 0.31640625 0.30416666666666664 0.02734375 0.09722222222222222
4 0.34609375 0.30833333333333335 0.0171875 0.06388888888888888
4 0.386328125 0.2791666666666667 0.021875 0.06666666666666667
4 0.41328125 0.26944444444444443 0.0203125 0.06111111111111111
4 0.366796875 0.275 0.02109375 0.07777777777777778
4 0.3515625 0.25069444444444444 0.015625 0.044444444444444446