4 0.70390625 0.2791666666666667 0.01875 0.05555555555555555
5 0.76875 0.7541666666666667 0.19375 0.30833333333333335
5 0.659375 0.2534722222222222 0.04453125 0.05416666666666667
5 0.57890625 0.6125 0.109375 0.22777777777777777
5 0.612109375 0.9069444444444444 0.17734375 0.16666666666666666
5 0.5265625 0.3784722222222222 0.0546875 0.10972222222222222
5 0.60234375 0.32430555555555557 0.0453125 0.059722222222222225
5 0.612890625 0.27291666666666664 0.04140625 0.04583333333333333
5 0.64296875 0.45902777777777776 0.0921875 0.15138888888888888
5 0.619140625 0.3784722222222222 0.04921875 0.06805555555555555
6 0.44609375 0.21458333333333332 0.1359375 0.09861111111111111
7 0.636328125 0.225 0.05546875 0.07777777777777778