6 0.37109375 0.5076388888888889 0.1375 0.38055555555555554
4 0.15234375 0.6965277777777777 0.059375 0.12638888888888888
4 0.0703125 0.6111111111111112 0.059375 0.17222222222222222
4 0.190625 0.47847222222222224 0.0375 0.12083333333333333
4 0.23984375 0.5131944444444444 0.03125 0.0875
4 0.253515625 0.4375 0.03203125 0.06666666666666667
4 0.230859375 0.4166666666666667 0.02265625 0.08055555555555556
4 0.29140625 0.47708333333333336 0.0359375 0.11666666666666667
4 0.30546875 0.39166666666666666 0.0296875 0.1111111111111111
4 0.286328125 0.33819444444444446 0.01796875 0.09583333333333334
4 0.692578125 0.40208333333333335 0.0328125 0.09444444444444444
4 0.82265625 0.49444444444444446 0.0359375 0.10555555555555556
4 0.33359375 0.25555555555555554 0.021875 0.06111111111111111
4 0.35703125 0.25833333333333336 0.01953125 0.06388888888888888
4 0.457421875 0.28402777777777777 0.02421875 0.0763888888888889