5 0.6234375 0.4777777777777778 0.0796875 0.125
5 0.56875 0.32916666666666666 0.06875 0.11527777777777778
4 0.34140625 0.4986111111111111 0.0390625 0.12777777777777777
4 0.3078125 0.4354166666666667 0.0296875 0.1125
4 0.2421875 0.3993055555555556 0.021875 0.07777777777777778
4 0.32109375 0.35347222222222224 0.025 0.07916666666666666
4 0.367578125 0.39861111111111114 0.04375 0.11388888888888889
4 0.235546875 0.6597222222222222 0.04609375 0.15416666666666667
4 0.209765625 0.5638888888888889 0.046875 0.1361111111111111
4 0.07734375 0.41180555555555554 0.06484375 0.07083333333333333
4 0.33125 0.2638888888888889 0.0203125 0.07222222222222222
4 0.357421875 0.26944444444444443 0.0203125 0.09166666666666666
4 0.387109375 0.25625 0.02109375 0.05694444444444444
4 0.116796875 0.7451388888888889 0.06796875 0.19583333333333333
4 0.388671875 0.21388888888888888 0.01640625 0.05138888888888889
4 0.405078125 0.21388888888888888 0.0140625 0.05416666666666667
4 0.3734375 0.20694444444444443 0.0171875 0.05277777777777778
4 0.3765625 0.3020833333333333 0.0234375 0.06805555555555555
4 0.615234375 0.26666666666666666 0.01796875 0.06111111111111111