4 0.303515625 0.3548611111111111 0.03671875 0.11805555555555555
4 0.383203125 0.26458333333333334 0.03203125 0.075
5 0.555078125 0.2923611111111111 0.05546875 0.10416666666666667
4 0.737109375 0.3819444444444444 0.03828125 0.09722222222222222
4 0.696484375 0.3034722222222222 0.02734375 0.07916666666666666
4 0.6625 0.3013888888888889 0.028125 0.07222222222222222
4 0.633984375 0.3090277777777778 0.02890625 0.09027777777777778
4 0.59609375 0.2763888888888889 0.01875 0.059722222222222225
4 0.6140625 0.2722222222222222 0.01796875 0.07777777777777778
4 0.076953125 0.39861111111111114 0.06015625 0.07222222222222222
4 0.208984375 0.28194444444444444 0.04296875 0.04583333333333333
4 0.070703125 0.8388888888888889 0.08359375 0.19444444444444445