5 0.427734375 0.32916666666666666 0.05546875 0.125
4 0.254296875 0.3680555555555556 0.02109375 0.07777777777777778
4 0.344921875 0.3416666666666667 0.03203125 0.08888888888888889
4 0.11171875 0.5569444444444445 0.0484375 0.11666666666666667
4 0.084765625 0.7583333333333333 0.08203125 0.18888888888888888
4 0.08359375 0.4048611111111111 0.05 0.09027777777777778
4 0.196875 0.2777777777777778 0.0515625 0.05
5 0.626953125 0.7916666666666666 0.15625 0.3
4 0.856640625 0.5340277777777778 0.06328125 0.15833333333333333
5 0.714453125 0.4756944444444444 0.12421875 0.20972222222222223
5 0.580859375 0.5152777777777777 0.08671875 0.16111111111111112
7 0.57265625 0.36736111111111114 0.08125 0.17083333333333334
5 0.661328125 0.3506944444444444 0.0609375 0.09583333333333334
4 0.74296875 0.35208333333333336 0.01875 0.08333333333333333
4 0.65703125 0.27361111111111114 0.0265625 0.058333333333333334
4 0.6890625 0.2986111111111111 0.028125 0.07777777777777778