7 0.60390625 0.2763888888888889 0.04375 0.08055555555555556
5 0.53203125 0.39375 0.0609375 0.1111111111111111
5 0.598828125 0.7993055555555556 0.17265625 0.3597222222222222
5 0.578515625 0.34444444444444444 0.04296875 0.06944444444444445
5 0.56171875 0.27361111111111114 0.03984375 0.05416666666666667
5 0.686328125 0.2465277777777778 0.03359375 0.0375
4 0.702734375 0.3611111111111111 0.01640625 0.058333333333333334
4 0.175390625 0.4173611111111111 0.03828125 0.09861111111111111
4 0.2015625 0.34097222222222223 0.02578125 0.07916666666666666
4 0.42578125 0.23055555555555557 0.02734375 0.03333333333333333
6 0.762890625 0.6527777777777778 0.17578125 0.3