4 0.152734375 0.24444444444444444 0.01640625 0.05277777777777778
4 0.12578125 0.22569444444444445 0.0171875 0.05277777777777778
4 0.790234375 0.45208333333333334 0.03671875 0.09583333333333334
5 0.566796875 0.5625 0.10234375 0.20277777777777778
5 0.658203125 0.5194444444444445 0.10859375 0.14444444444444443
5 0.63671875 0.9111111111111111 0.18125 0.175
5 0.611328125 0.27847222222222223 0.04765625 0.05694444444444444
5 0.519140625 0.29930555555555555 0.04375 0.06388888888888888
5 0.539453125 0.35347222222222224 0.04921875 0.0875
5 0.61328125 0.38263888888888886 0.05859375 0.09166666666666666
5 0.878515625 0.9083333333333333 0.23984375 0.175
6 0.637109375 0.21458333333333332 0.04921875 0.06805555555555555
7 0.259375 0.18680555555555556 0.065625 0.07222222222222222
7 0.681640625 0.2298611111111111 0.0671875 0.07361111111111111
5 0.572265625 0.27708333333333335 0.04921875 0.0625