4 0.1765625 0.4513888888888889 0.05625 0.1388888888888889
4 0.075 0.4027777777777778 0.0484375 0.08333333333333333
4 0.725 0.42916666666666664 0.040625 0.10277777777777777
4 0.728515625 0.35625 0.02734375 0.06666666666666667
4 0.669140625 0.29097222222222224 0.02109375 0.07083333333333333
4 0.355078125 0.2965277777777778 0.02421875 0.07361111111111111
4 0.3859375 0.24444444444444444 0.0203125 0.05416666666666667
4 0.525 0.2513888888888889 0.021875 0.06944444444444445
4 0.655859375 0.2298611111111111 0.01953125 0.0625
4 0.15859375 0.7979166666666667 0.0734375 0.22083333333333333
4 0.35234375 0.21805555555555556 0.0140625 0.044444444444444446
4 0.36015625 0.24444444444444444 0.015625 0.041666666666666664
4 0.399609375 0.22847222222222222 0.01796875 0.058333333333333334
4 0.62421875 0.2125 0.0171875 0.05
4 0.64140625 0.21736111111111112 0.015625 0.058333333333333334