5 0.519921875 0.3284722222222222 0.04921875 0.07083333333333333
5 0.613671875 0.4 0.06484375 0.09166666666666666
5 0.601953125 0.32569444444444445 0.04765625 0.07916666666666666
5 0.599609375 0.2423611111111111 0.03984375 0.04027777777777778
5 0.552734375 0.2652777777777778 0.03984375 0.05277777777777778
4 0.137890625 0.4576388888888889 0.02734375 0.10138888888888889
4 0.0609375 0.4986111111111111 0.0375 0.10555555555555556
4 0.7671875 0.39791666666666664 0.034375 0.0763888888888889
4 0.809765625 0.4798611111111111 0.0296875 0.0875
6 0.73671875 0.7076388888888889 0.4484375 0.5819444444444445
6 0.79375 0.6944444444444444 0.1734375 0.3277777777777778
5 0.528515625 0.4722222222222222 0.06484375 0.12777777777777777