5 0.84765625 0.8715277777777778 0.2328125 0.25416666666666665
5 0.55625 0.49027777777777776 0.0859375 0.14444444444444443
5 0.675 0.5631944444444444 0.121875 0.19305555555555556
5 0.6203125 0.26805555555555555 0.04375 0.05555555555555555
5 0.60234375 0.39652777777777776 0.0703125 0.10972222222222222
5 0.6046875 0.3055555555555556 0.046875 0.06388888888888888
5 0.603125 0.8222222222222222 0.165625 0.35
5 0.680859375 0.2423611111111111 0.03828125 0.05416666666666667
5 0.5265625 0.32222222222222224 0.0515625 0.09444444444444444
6 0.50859375 0.21597222222222223 0.14375 0.10972222222222222
7 0.680078125 0.2152777777777778 0.04609375 0.07777777777777778