4 0.301171875 0.44930555555555557 0.034375 0.1111111111111111
4 0.076171875 0.39791666666666664 0.06484375 0.09027777777777778
4 0.205078125 0.2847222222222222 0.04375 0.044444444444444446
5 0.627734375 0.5118055555555555 0.10390625 0.1986111111111111
4 0.646875 0.2423611111111111 0.015625 0.05
4 0.53046875 0.3173611111111111 0.0265625 0.08472222222222223
4 0.31640625 0.30416666666666664 0.028125 0.09722222222222222
4 0.34609375 0.30833333333333335 0.0171875 0.06527777777777778
4 0.386328125 0.2791666666666667 0.01953125 0.06388888888888888
4 0.41328125 0.26944444444444443 0.0234375 0.06388888888888888
4 0.366796875 0.275 0.02265625 0.08055555555555556
4 0.3515625 0.25069444444444444 0.015625 0.044444444444444446