4 0.2984375 0.4708333333333333 0.03359375 0.13055555555555556
5 0.39609375 0.46875 0.0734375 0.1763888888888889
4 0.24765625 0.36319444444444443 0.028125 0.08472222222222223
4 0.07265625 0.3909722222222222 0.0578125 0.08472222222222223
4 0.208203125 0.2902777777777778 0.04453125 0.03611111111111111
4 0.638671875 0.5805555555555556 0.03984375 0.15833333333333333
4 0.81953125 0.4861111111111111 0.05 0.11944444444444445
4 0.6921875 0.2916666666666667 0.0328125 0.08888888888888889
4 0.658203125 0.27361111111111114 0.02890625 0.07777777777777778
4 0.601953125 0.22569444444444445 0.02734375 0.0875
4 0.53203125 0.25277777777777777 0.03125 0.06666666666666667
4 0.569140625 0.24375 0.02265625 0.05694444444444444
7 0.437109375 0.2423611111111111 0.06953125 0.2013888888888889
4 0.3109375 0.2743055555555556 0.015625 0.07361111111111111
4 0.34140625 0.28680555555555554 0.0234375 0.07083333333333333
4 0.377734375 0.2590277777777778 0.01796875 0.04861111111111111
4 0.349609375 0.22569444444444445 0.015625 0.0625
4 0.365625 0.20694444444444443 0.0140625 0.06111111111111111