4 0.70625 0.3138888888888889 0.01875 0.06111111111111111
5 0.610546875 0.7701388888888889 0.15859375 0.3125
5 0.855078125 0.89375 0.22734375 0.20972222222222223
5 0.699609375 0.5625 0.13671875 0.2
5 0.533203125 0.42083333333333334 0.06953125 0.125
5 0.603515625 0.2861111111111111 0.040625 0.06666666666666667
5 0.60234375 0.34930555555555554 0.0421875 0.06805555555555555
5 0.6359375 0.41041666666666665 0.06328125 0.10694444444444444
5 0.643359375 0.26319444444444445 0.04609375 0.04861111111111111
6 0.39140625 0.21180555555555555 0.13125 0.09583333333333334
6 0.7296875 0.22916666666666666 0.1234375 0.08611111111111111
7 0.61015625 0.2375 0.0515625 0.06944444444444445