7 0.14609375 0.8138888888888889 0.2921875 0.36944444444444446
7 0.798828125 0.7229166666666667 0.23125 0.43472222222222223
7 0.617578125 0.25416666666666665 0.05234375 0.09444444444444444
5 0.54609375 0.48819444444444443 0.06875 0.12916666666666668
5 0.6671875 0.5069444444444444 0.096875 0.15
5 0.619921875 0.39861111111111114 0.06328125 0.08888888888888889
5 0.5953125 0.3298611111111111 0.04140625 0.075
5 0.525 0.2972222222222222 0.05390625 0.058333333333333334
5 0.519140625 0.3458333333333333 0.065625 0.08194444444444444
5 0.678125 0.23125 0.04140625 0.05694444444444444
5 0.3328125 0.21875 0.04765625 0.043055555555555555
4 0.720703125 0.37916666666666665 0.02421875 0.07777777777777778
4 0.9578125 0.6895833333333333 0.06875 0.16805555555555557