5 0.5796875 0.29305555555555557 0.0421875 0.075
5 0.735546875 0.8854166666666666 0.18359375 0.2263888888888889
4 0.590625 0.4847222222222222 0.0390625 0.11944444444444445
4 0.63359375 0.4215277777777778 0.02421875 0.08333333333333333
4 0.77734375 0.5326388888888889 0.046875 0.12916666666666668
4 0.639453125 0.28888888888888886 0.02109375 0.07222222222222222
4 0.328515625 0.3770833333333333 0.0296875 0.09583333333333334
4 0.2703125 0.36666666666666664 0.0234375 0.08888888888888889
4 0.216015625 0.49375 0.02578125 0.10694444444444444
4 0.344140625 0.2902777777777778 0.0203125 0.06666666666666667
4 0.35390625 0.22847222222222222 0.0171875 0.05138888888888889
4 0.38828125 0.22291666666666668 0.0171875 0.05694444444444444
4 0.25859375 0.6152777777777778 0.0453125 0.16944444444444445
4 0.18359375 0.68125 0.059375 0.17916666666666667