5 0.63046875 0.5076388888888889 0.0875 0.19027777777777777
6 0.713671875 0.8263888888888888 0.33046875 0.34444444444444444
5 0.551953125 0.37083333333333335 0.0671875 0.13055555555555556
5 0.544140625 0.2708333333333333 0.05390625 0.07222222222222222
5 0.58125 0.19652777777777777 0.0375 0.06944444444444445
4 0.36328125 0.5104166666666666 0.0375 0.14027777777777778
4 0.20703125 0.6215277777777778 0.05859375 0.13472222222222222
4 0.222265625 0.5083333333333333 0.04765625 0.1111111111111111
4 0.0765625 0.40347222222222223 0.05703125 0.07916666666666666
4 0.205859375 0.28680555555555554 0.04609375 0.0375
4 0.3140625 0.40208333333333335 0.028125 0.08194444444444444
4 0.4375 0.3923611111111111 0.01953125 0.08472222222222223
4 0.407421875 0.3125 0.02109375 0.08194444444444444
4 0.328125 0.35694444444444445 0.0359375 0.1
4 0.372265625 0.2826388888888889 0.02421875 0.07083333333333333
4 0.708984375 0.36527777777777776 0.0359375 0.1
4 0.648828125 0.3020833333333333 0.01796875 0.07777777777777778
4 0.621875 0.20347222222222222 0.01875 0.075
4 0.58828125 0.28680555555555554 0.02265625 0.0625
4 0.613671875 0.2986111111111111 0.01796875 0.058333333333333334
4 0.21484375 0.4354166666666667 0.0359375 0.09444444444444444
4 0.441796875 0.4465277777777778 0.00078125 0.004166666666666667
4 0.305859375 0.48819444444444443 0.03828125 0.12777777777777777
4 0.355078125 0.27152777777777776 0.01640625 0.05555555555555555
4 0.329296875 0.24722222222222223 0.01796875 0.06944444444444445
4 0.370703125 0.22430555555555556 0.0171875 0.05277777777777778
4 0.3875 0.26180555555555557 0.0140625 0.05
4 0.66640625 0.23541666666666666 0.0171875 0.059722222222222225
4 0.408984375 0.24444444444444444 0.01640625 0.05
4 0.3875 0.2048611111111111 0.0125 0.043055555555555555
4 0.396875 0.1597222222222222 0.0140625 0.041666666666666664