4 0.37578125 0.71875 0.0578125 0.19722222222222222
4 0.155859375 0.6041666666666666 0.0546875 0.18055555555555555
4 0.075 0.39652777777777776 0.0703125 0.0763888888888889
4 0.203515625 0.49166666666666664 0.03359375 0.09444444444444444
4 0.256640625 0.4534722222222222 0.025 0.09861111111111111
4 0.28359375 0.4777777777777778 0.0359375 0.08888888888888889
4 0.3125 0.375 0.028125 0.06944444444444445
4 0.2578125 0.3597222222222222 0.0296875 0.07222222222222222
4 0.318359375 0.32708333333333334 0.021875 0.07083333333333333
4 0.375390625 0.32013888888888886 0.02421875 0.059722222222222225
4 0.3578125 0.27152777777777776 0.021875 0.05416666666666667
5 0.4015625 0.3958333333333333 0.075 0.1527777777777778
5 0.25859375 0.6701388888888888 0.1578125 0.31527777777777777
5 0.443359375 0.2548611111111111 0.04140625 0.08611111111111111
4 0.669921875 0.31875 0.02734375 0.09027777777777778
4 0.133984375 0.5388888888888889 0.0515625 0.14444444444444443
4 0.38671875 0.24097222222222223 0.0140625 0.05416666666666667
4 0.371484375 0.23680555555555555 0.01328125 0.0625