4 0.910546875 0.7916666666666666 0.1 0.2222222222222222
4 0.73359375 0.35208333333333336 0.03125 0.09027777777777778
4 0.68203125 0.29305555555555557 0.02109375 0.075
4 0.65625 0.2798611111111111 0.01875 0.06388888888888888
4 0.61015625 0.27708333333333335 0.0203125 0.0763888888888889
4 0.633203125 0.26944444444444443 0.0296875 0.06666666666666667
5 0.558984375 0.2833333333333333 0.06015625 0.08888888888888889
4 0.355078125 0.32708333333333334 0.025 0.08333333333333333
4 0.325390625 0.3215277777777778 0.03046875 0.12083333333333333
4 0.215625 0.41875 0.028125 0.08888888888888889
4 0.076171875 0.39861111111111114 0.05703125 0.058333333333333334
4 0.2078125 0.29097222222222224 0.0578125 0.05694444444444444
4 0.668359375 0.2520833333333333 0.01484375 0.04861111111111111