4 0.700390625 0.35833333333333334 0.0296875 0.09166666666666666
4 0.632421875 0.31666666666666665 0.02265625 0.07083333333333333
5 0.352734375 0.3326388888888889 0.08125 0.14583333333333334
4 0.425390625 0.3402777777777778 0.02578125 0.09166666666666666
4 0.283984375 0.48194444444444445 0.04296875 0.10833333333333334
4 0.130859375 0.6993055555555555 0.05703125 0.1986111111111111
4 0.306640625 0.2986111111111111 0.021875 0.06666666666666667
4 0.3265625 0.23958333333333334 0.015625 0.04583333333333333
4 0.371484375 0.2388888888888889 0.01796875 0.05277777777777778
4 0.42734375 0.24722222222222223 0.0203125 0.0625
4 0.403125 0.2361111111111111 0.0171875 0.05694444444444444
7 0.54453125 0.22361111111111112 0.0578125 0.125
4 0.353515625 0.22847222222222222 0.02109375 0.05694444444444444