4 0.024609375 0.6152777777777778 0.04140625 0.1527777777777778
4 0.0796875 0.4638888888888889 0.034375 0.10694444444444444
5 0.626953125 0.9173611111111111 0.16796875 0.1625
5 0.633984375 0.42291666666666666 0.07109375 0.11527777777777778
5 0.540234375 0.3951388888888889 0.05546875 0.09861111111111111
5 0.594140625 0.32083333333333336 0.04453125 0.07222222222222222
5 0.590234375 0.2673611111111111 0.04375 0.05416666666666667
6 0.823828125 0.7909722222222222 0.26328125 0.4152777777777778
6 0.6734375 0.23055555555555557 0.05625 0.06388888888888888
4 0.16484375 0.3597222222222222 0.0328125 0.10555555555555556
5 0.529296875 0.3034722222222222 0.03828125 0.06527777777777778