5 0.5890625 0.7131944444444445 0.13125 0.24861111111111112
5 0.5328125 0.3645833333333333 0.0671875 0.09027777777777778
5 0.64453125 0.4638888888888889 0.0765625 0.13333333333333333
5 0.55 0.3111111111111111 0.05625 0.07916666666666666
5 0.606640625 0.3638888888888889 0.0515625 0.07777777777777778
5 0.5484375 0.45 0.075 0.14722222222222223
5 0.6453125 0.2569444444444444 0.0375 0.04722222222222222
5 0.41796875 0.2222222222222222 0.05625 0.05
5 0.6140625 0.29930555555555555 0.0453125 0.06666666666666667
5 0.541796875 0.26805555555555555 0.04765625 0.06527777777777778
6 0.8515625 0.8006944444444445 0.2953125 0.3958333333333333
6 0.7203125 0.22916666666666666 0.11875 0.08888888888888889