5 0.624609375 0.7826388888888889 0.15703125 0.29305555555555557
5 0.58515625 0.5118055555555555 0.103125 0.1638888888888889
5 0.72421875 0.4895833333333333 0.153125 0.1625
7 0.575 0.3541666666666667 0.0640625 0.1388888888888889
5 0.665234375 0.3611111111111111 0.07890625 0.09722222222222222
5 0.419921875 0.40694444444444444 0.07578125 0.16944444444444445
4 0.175 0.48194444444444445 0.03828125 0.11388888888888889
4 0.0859375 0.40625 0.0703125 0.0625
4 0.209765625 0.2916666666666667 0.06875 0.06666666666666667
4 0.628125 0.26319444444444445 0.0375 0.09027777777777778
4 0.655078125 0.27361111111111114 0.01953125 0.06944444444444445
4 0.6828125 0.2986111111111111 0.0234375 0.06944444444444445
4 0.74453125 0.34791666666666665 0.03828125 0.08472222222222223
4 0.26640625 0.47847222222222224 0.0328125 0.10694444444444444