7 0.2234375 0.33125 0.0546875 0.17083333333333334
5 0.233984375 0.6381944444444444 0.11953125 0.20972222222222223
5 0.619140625 0.8847222222222222 0.1796875 0.23055555555555557
5 0.556640625 0.4888888888888889 0.06953125 0.1111111111111111
5 0.269921875 0.40902777777777777 0.05859375 0.1125
5 0.6140625 0.27708333333333335 0.0265625 0.05416666666666667
5 0.65234375 0.2465277777777778 0.0328125 0.034722222222222224
4 0.71328125 0.35208333333333336 0.0265625 0.07083333333333333
6 0.765625 0.5986111111111111 0.23515625 0.41944444444444445
4 0.33359375 0.33819444444444446 0.01875 0.07083333333333333
5 0.279296875 0.3034722222222222 0.04140625 0.06527777777777778
5 0.530859375 0.33958333333333335 0.05390625 0.10416666666666667