4 0.16015625 0.3819444444444444 0.0265625 0.08888888888888889
4 0.112109375 0.4513888888888889 0.03203125 0.10833333333333334
4 0.133203125 0.33819444444444446 0.0203125 0.06805555555555555
5 0.587109375 0.7013888888888888 0.1125 0.225
5 0.862109375 0.8694444444444445 0.23984375 0.25833333333333336
5 0.57109375 0.25763888888888886 0.0484375 0.059722222222222225
6 0.682421875 0.5013888888888889 0.1171875 0.20833333333333334
6 0.683984375 0.22847222222222222 0.04609375 0.06388888888888888
7 0.532421875 0.3388888888888889 0.08515625 0.20277777777777778
7 0.625 0.3527777777777778 0.0625 0.15138888888888888
7 0.3296875 0.2013888888888889 0.078125 0.075