4 0.1734375 0.36736111111111114 0.02578125 0.0875
5 0.602734375 0.7694444444444445 0.14609375 0.31666666666666665
5 0.63671875 0.4638888888888889 0.071875 0.125
5 0.73515625 0.6555555555555556 0.13359375 0.2013888888888889
5 0.5828125 0.35138888888888886 0.05 0.08888888888888889
5 0.589453125 0.28680555555555554 0.04453125 0.06805555555555555
5 0.90859375 0.9222222222222223 0.1796875 0.11666666666666667
6 0.51796875 0.2152777777777778 0.1203125 0.08055555555555556
6 0.7140625 0.23819444444444443 0.0390625 0.05694444444444444
6 0.682421875 0.2569444444444444 0.03671875 0.07222222222222222
7 0.551171875 0.2548611111111111 0.05234375 0.0875