4 0.3359375 0.3729166666666667 0.021875 0.0875
4 0.388671875 0.37083333333333335 0.02265625 0.09444444444444444
4 0.298046875 0.3729166666666667 0.03984375 0.08194444444444444
4 0.27109375 0.3375 0.0359375 0.09166666666666666
4 0.7140625 0.4 0.0328125 0.09166666666666666
4 0.6296875 0.36944444444444446 0.01640625 0.07777777777777778
4 0.74609375 0.3402777777777778 0.0296875 0.10555555555555556
4 0.694140625 0.3125 0.02421875 0.06111111111111111
5 0.557421875 0.3659722222222222 0.06796875 0.1125
4 0.076953125 0.41388888888888886 0.05859375 0.06111111111111111
4 0.20625 0.29583333333333334 0.0515625 0.044444444444444446
4 0.33671875 0.2972222222222222 0.034375 0.05555555555555555
4 0.369921875 0.30416666666666664 0.01875 0.08333333333333333
4 0.34453125 0.26458333333333334 0.03125 0.07916666666666666
4 0.3984375 0.22361111111111112 0.01875 0.05277777777777778
4 0.215625 0.4166666666666667 0.0265625 0.11666666666666667
4 0.121484375 0.5638888888888889 0.03359375 0.1388888888888889
4 0.049609375 0.6993055555555555 0.05546875 0.1597222222222222
4 0.37734375 0.19166666666666668 0.0171875 0.06111111111111111
5 0.524609375 0.24097222222222223 0.0390625 0.06944444444444445
4 0.662890625 0.2604166666666667 0.03046875 0.07777777777777778
4 0.639453125 0.2590277777777778 0.02265625 0.06805555555555555