5 0.624609375 0.7826388888888889 0.15625 0.2902777777777778
5 0.58515625 0.5118055555555555 0.103125 0.1638888888888889
5 0.72421875 0.4895833333333333 0.159375 0.17916666666666667
7 0.575 0.3541666666666667 0.06015625 0.13333333333333333
5 0.665234375 0.3611111111111111 0.07890625 0.09722222222222222
5 0.419921875 0.40694444444444444 0.07421875 0.16666666666666666
4 0.175 0.48194444444444445 0.0328125 0.10833333333333334
4 0.0859375 0.40625 0.0703125 0.059722222222222225
4 0.209765625 0.2916666666666667 0.06875 0.06527777777777778
4 0.628125 0.26319444444444445 0.0390625 0.09305555555555556
4 0.655078125 0.27361111111111114 0.01953125 0.06944444444444445
4 0.6828125 0.2986111111111111 0.0203125 0.06666666666666667
4 0.74453125 0.34791666666666665 0.0375 0.08333333333333333
4 0.26640625 0.47847222222222224 0.0265625 0.10416666666666667