5 0.613671875 0.8597222222222223 0.18515625 0.2777777777777778
5 0.714453125 0.6444444444444445 0.14453125 0.21388888888888888
5 0.565234375 0.5354166666666667 0.09296875 0.1875
5 0.61796875 0.27152777777777776 0.04375 0.05416666666666667
5 0.603125 0.31319444444444444 0.0453125 0.0625
5 0.625390625 0.425 0.07109375 0.10833333333333334
5 0.5265625 0.35208333333333336 0.0515625 0.09027777777777778
5 0.667578125 0.25069444444444444 0.03828125 0.04027777777777778
5 0.612109375 0.3638888888888889 0.06328125 0.08055555555555556
6 0.476953125 0.21458333333333332 0.14609375 0.1125
7 0.658984375 0.21805555555555556 0.05625 0.07777777777777778