4 0.15546875 0.8020833333333334 0.0828125 0.20694444444444443
5 0.41875 0.4083333333333333 0.0796875 0.16666666666666666
4 0.901953125 0.7784722222222222 0.08359375 0.19583333333333333
4 0.74453125 0.4 0.0375 0.09027777777777778
4 0.077734375 0.4111111111111111 0.0515625 0.06111111111111111
4 0.256640625 0.3423611111111111 0.03046875 0.0875
4 0.251953125 0.4888888888888889 0.03515625 0.125
4 0.318359375 0.4965277777777778 0.04921875 0.10555555555555556
7 0.6453125 0.5243055555555556 0.215625 0.4791666666666667
4 0.32109375 0.3145833333333333 0.01875 0.0625
4 0.337109375 0.26875 0.0203125 0.059722222222222225
5 0.5453125 0.3138888888888889 0.065625 0.09444444444444444
5 0.77578125 0.5506944444444445 0.071875 0.1625
4 0.64921875 0.26944444444444443 0.021875 0.06388888888888888
4 0.381640625 0.22569444444444445 0.01953125 0.0625
4 0.35078125 0.24166666666666667 0.0203125 0.058333333333333334