4 0.469921875 0.25625 0.03984375 0.0625
4 0.72265625 0.4166666666666667 0.0328125 0.1
4 0.72265625 0.3402777777777778 0.0296875 0.08333333333333333
4 0.75625 0.8201388888888889 0.07578125 0.20833333333333334
4 0.16484375 0.7104166666666667 0.05625 0.20694444444444443
4 0.113671875 0.6256944444444444 0.04921875 0.15138888888888888
4 0.08125 0.39375 0.05625 0.059722222222222225
4 0.205859375 0.27708333333333335 0.03984375 0.04861111111111111
4 0.211328125 0.49722222222222223 0.04296875 0.11388888888888889
4 0.2921875 0.40694444444444444 0.0375 0.06944444444444445
4 0.312109375 0.48194444444444445 0.04140625 0.08611111111111111
6 0.405078125 0.42291666666666666 0.11484375 0.3013888888888889
4 0.305859375 0.3125 0.028125 0.08055555555555556
4 0.22109375 0.4152777777777778 0.0296875 0.10555555555555556
4 0.33125 0.2791666666666667 0.01875 0.075
4 0.34921875 0.31805555555555554 0.0234375 0.07777777777777778
4 0.391015625 0.2375 0.021875 0.06666666666666667
4 0.365234375 0.2111111111111111 0.015625 0.05
4 0.35546875 0.23194444444444445 0.0203125 0.058333333333333334